"﻿UNITID","OPEID6","INSTNM","CONTROL","MAIN","CIPCODE","CIPDESC","CREDLEV","CREDDESC","IPEDSCOUNT1","IPEDSCOUNT2","DEBT_ALL_STGP_ANY_N","DEBT_ALL_STGP_ANY_MEAN","DEBT_ALL_STGP_ANY_MDN","DEBT_ALL_STGP_EVAL_N","DEBT_ALL_STGP_EVAL_MEAN","DEBT_ALL_STGP_EVAL_MDN","DEBT_ALL_PP_ANY_N","DEBT_ALL_PP_ANY_MEAN","DEBT_ALL_PP_ANY_MDN","DEBT_ALL_PP_EVAL_N","DEBT_ALL_PP_EVAL_MEAN","DEBT_ALL_PP_EVAL_MDN","DEBT_MALE_STGP_ANY_N","DEBT_MALE_STGP_ANY_MEAN","DEBT_MALE_STGP_ANY_MDN","DEBT_MALE_STGP_EVAL_N","DEBT_MALE_STGP_EVAL_MEAN","DEBT_MALE_STGP_EVAL_MDN","DEBT_MALE_PP_ANY_N","DEBT_MALE_PP_ANY_MEAN","DEBT_MALE_PP_ANY_MDN","DEBT_MALE_PP_EVAL_N","DEBT_MALE_PP_EVAL_MEAN","DEBT_MALE_PP_EVAL_MDN","DEBT_NOTMALE_STGP_ANY_N","DEBT_NOTMALE_STGP_ANY_MEAN","DEBT_NOTMALE_STGP_ANY_MDN","DEBT_NOTMALE_STGP_EVAL_N","DEBT_NOTMALE_STGP_EVAL_MEAN","DEBT_NOTMALE_STGP_EVAL_MDN","DEBT_NOTMALE_PP_ANY_N","DEBT_NOTMALE_PP_ANY_MEAN","DEBT_NOTMALE_PP_ANY_MDN","DEBT_NOTMALE_PP_EVAL_N","DEBT_NOTMALE_PP_EVAL_MEAN","DEBT_NOTMALE_PP_EVAL_MDN","DEBT_PELL_STGP_ANY_N","DEBT_PELL_STGP_ANY_MEAN","DEBT_PELL_STGP_ANY_MDN","DEBT_PELL_STGP_EVAL_N","DEBT_PELL_STGP_EVAL_MEAN","DEBT_PELL_STGP_EVAL_MDN","DEBT_PELL_PP_ANY_N","DEBT_PELL_PP_ANY_MEAN","DEBT_PELL_PP_ANY_MDN","DEBT_PELL_PP_EVAL_N","DEBT_PELL_PP_EVAL_MEAN","DEBT_PELL_PP_EVAL_MDN","DEBT_NOPELL_STGP_ANY_N","DEBT_NOPELL_STGP_ANY_MEAN","DEBT_NOPELL_STGP_ANY_MDN","DEBT_NOPELL_STGP_EVAL_N","DEBT_NOPELL_STGP_EVAL_MEAN","DEBT_NOPELL_STGP_EVAL_MDN","DEBT_NOPELL_PP_ANY_N","DEBT_NOPELL_PP_ANY_MEAN","DEBT_NOPELL_PP_ANY_MDN","DEBT_NOPELL_PP_EVAL_N","DEBT_NOPELL_PP_EVAL_MEAN","DEBT_NOPELL_PP_EVAL_MDN","DEBT_ALL_PP_ANY_MDN10YRPAY","DEBT_ALL_PP_EVAL_MDN10YRPAY","DEBT_ALL_STGP_ANY_MDN10YRPAY","DEBT_ALL_STGP_EVAL_MDN10YRPAY","EARN_COUNT_NWNE_HI_1YR","EARN_CNTOVER150_HI_1YR","EARN_COUNT_WNE_HI_1YR","EARN_MDN_HI_1YR","EARN_COUNT_NWNE_HI_2YR","EARN_CNTOVER150_HI_2YR","EARN_COUNT_WNE_HI_2YR","EARN_MDN_HI_2YR"
"174066","003969","University of Minnesota-Twin Cities","Public","1","0303","Fishing and Fisheries Sciences and Management.","3","Bachelors Degree","49","42","70","21958","20500","68","19438","19500","26","29699","27667","20","30756","27348","32","23888","22250","31","20940","19500","12","27533","PrivacySuppressed","PrivacySuppressed","PrivacySuppressed","PrivacySuppressed","38","20332","20500","37","18181","19500","14","31556","PrivacySuppressed","PrivacySuppressed","PrivacySuppressed","PrivacySuppressed","36","24878","21500","34","21768","20500","12","32436","PrivacySuppressed","PrivacySuppressed","PrivacySuppressed","PrivacySuppressed","34","PrivacySuppressed","19500","34","PrivacySuppressed","19500","14","27353","PrivacySuppressed","PrivacySuppressed","PrivacySuppressed","PrivacySuppressed","298","294","196","186","1","45","54","27588","1","28","35","26063"
"174066","003969","University of Minnesota-Twin Cities","Public","1","0305","Forestry.","1","Undergraduate Certificate or Diploma","0","NULL","PrivacySuppressed","PrivacySuppressed","PrivacySuppressed","PrivacySuppressed","PrivacySuppressed","PrivacySuppressed","PrivacySuppressed","PrivacySuppressed","PrivacySuppressed","PrivacySuppressed","PrivacySuppressed","PrivacySuppressed","PrivacySuppressed","PrivacySuppressed","PrivacySuppressed","PrivacySuppressed","PrivacySuppressed","PrivacySuppressed","PrivacySuppressed","PrivacySuppressed","PrivacySuppressed","PrivacySuppressed","PrivacySuppressed","PrivacySuppressed","PrivacySuppressed","PrivacySuppressed","PrivacySuppressed","PrivacySuppressed","PrivacySuppressed","PrivacySuppressed","PrivacySuppressed","PrivacySuppressed","PrivacySuppressed","PrivacySuppressed","PrivacySuppressed","PrivacySuppressed","PrivacySuppressed","PrivacySuppressed","PrivacySuppressed","PrivacySuppressed","PrivacySuppressed","PrivacySuppressed","PrivacySuppressed","PrivacySuppressed","PrivacySuppressed","PrivacySuppressed","PrivacySuppressed","PrivacySuppressed","PrivacySuppressed","PrivacySuppressed","PrivacySuppressed","PrivacySuppressed","PrivacySuppressed","PrivacySuppressed","PrivacySuppressed","PrivacySuppressed","PrivacySuppressed","PrivacySuppressed","PrivacySuppressed","PrivacySuppressed","PrivacySuppressed","PrivacySuppressed","PrivacySuppressed","PrivacySuppressed","PrivacySuppressed","PrivacySuppressed","PrivacySuppressed","PrivacySuppressed","PrivacySuppressed","PrivacySuppressed","PrivacySuppressed","PrivacySuppressed"
"174066","003969","University of Minnesota-Twin Cities","Public","1","0305","Forestry.","3","Bachelors Degree","19","35","40","26113","23000","39","20346","19500","PrivacySuppressed","PrivacySuppressed","PrivacySuppressed","PrivacySuppressed","PrivacySuppressed","PrivacySuppressed","29","24923","PrivacySuppressed","28","20077","PrivacySuppressed","PrivacySuppressed","PrivacySuppressed","PrivacySuppressed","PrivacySuppressed","PrivacySuppressed","PrivacySuppressed","11","PrivacySuppressed","PrivacySuppressed","11","PrivacySuppressed","PrivacySuppressed","PrivacySuppressed","PrivacySuppressed","PrivacySuppressed","PrivacySuppressed","PrivacySuppressed","PrivacySuppressed","27","PrivacySuppressed","PrivacySuppressed","27","PrivacySuppressed","PrivacySuppressed","PrivacySuppressed","PrivacySuppressed","PrivacySuppressed","PrivacySuppressed","PrivacySuppressed","PrivacySuppressed","13","24176","PrivacySuppressed","12","18736","PrivacySuppressed","PrivacySuppressed","PrivacySuppressed","PrivacySuppressed","PrivacySuppressed","PrivacySuppressed","PrivacySuppressed","PrivacySuppressed","PrivacySuppressed","219","186","1","27","28","45500","0","26","26","43798"
"174066","003969","University of Minnesota-Twin Cities","Public","1","0305","Forestry.","5","Master's Degree","0","0","PrivacySuppressed","PrivacySuppressed","PrivacySuppressed","PrivacySuppressed","PrivacySuppressed","PrivacySuppressed","PrivacySuppressed","PrivacySuppressed","PrivacySuppressed","PrivacySuppressed","PrivacySuppressed","PrivacySuppressed","PrivacySuppressed","PrivacySuppressed","PrivacySuppressed","PrivacySuppressed","PrivacySuppressed","PrivacySuppressed","PrivacySuppressed","PrivacySuppressed","PrivacySuppressed","PrivacySuppressed","PrivacySuppressed","PrivacySuppressed","PrivacySuppressed","PrivacySuppressed","PrivacySuppressed","PrivacySuppressed","PrivacySuppressed","PrivacySuppressed","PrivacySuppressed","PrivacySuppressed","PrivacySuppressed","PrivacySuppressed","PrivacySuppressed","PrivacySuppressed","PrivacySuppressed","PrivacySuppressed","PrivacySuppressed","PrivacySuppressed","PrivacySuppressed","PrivacySuppressed","PrivacySuppressed","PrivacySuppressed","PrivacySuppressed","PrivacySuppressed","PrivacySuppressed","PrivacySuppressed","PrivacySuppressed","PrivacySuppressed","PrivacySuppressed","PrivacySuppressed","PrivacySuppressed","PrivacySuppressed","PrivacySuppressed","PrivacySuppressed","PrivacySuppressed","PrivacySuppressed","PrivacySuppressed","PrivacySuppressed","PrivacySuppressed","PrivacySuppressed","PrivacySuppressed","PrivacySuppressed","PrivacySuppressed","PrivacySuppressed","PrivacySuppressed","PrivacySuppressed","PrivacySuppressed","PrivacySuppressed","PrivacySuppressed","PrivacySuppressed"
"174066","003969","University of Minnesota-Twin Cities","Public","1","0399","Natural Resources and Conservation, Other.","5","Master's Degree","0","0","PrivacySuppressed","PrivacySuppressed","PrivacySuppressed","PrivacySuppressed","PrivacySuppressed","PrivacySuppressed","PrivacySuppressed","PrivacySuppressed","PrivacySuppressed","PrivacySuppressed","PrivacySuppressed","PrivacySuppressed","PrivacySuppressed","PrivacySuppressed","PrivacySuppressed","PrivacySuppressed","PrivacySuppressed","PrivacySuppressed","PrivacySuppressed","PrivacySuppressed","PrivacySuppressed","PrivacySuppressed","PrivacySuppressed","PrivacySuppressed","PrivacySuppressed","PrivacySuppressed","PrivacySuppressed","PrivacySuppressed","PrivacySuppressed","PrivacySuppressed","PrivacySuppressed","PrivacySuppressed","PrivacySuppressed","PrivacySuppressed","PrivacySuppressed","PrivacySuppressed","PrivacySuppressed","PrivacySuppressed","PrivacySuppressed","PrivacySuppressed","PrivacySuppressed","PrivacySuppressed","PrivacySuppressed","PrivacySuppressed","PrivacySuppressed","PrivacySuppressed","PrivacySuppressed","PrivacySuppressed","PrivacySuppressed","PrivacySuppressed","PrivacySuppressed","PrivacySuppressed","PrivacySuppressed","PrivacySuppressed","PrivacySuppressed","PrivacySuppressed","PrivacySuppressed","PrivacySuppressed","PrivacySuppressed","PrivacySuppressed","PrivacySuppressed","PrivacySuppressed","PrivacySuppressed","PrivacySuppressed","PrivacySuppressed","PrivacySuppressed","PrivacySuppressed","PrivacySuppressed","PrivacySuppressed","PrivacySuppressed","PrivacySuppressed","PrivacySuppressed"
"174066","003969","University of Minnesota-Twin Cities","Public","1","0399","Natural Resources and Conservation, Other.","6","Doctoral Degree","0","0","PrivacySuppressed","PrivacySuppressed","PrivacySuppressed","PrivacySuppressed","PrivacySuppressed","PrivacySuppressed","PrivacySuppressed","PrivacySuppressed","PrivacySuppressed","PrivacySuppressed","PrivacySuppressed","PrivacySuppressed","PrivacySuppressed","PrivacySuppressed","PrivacySuppressed","PrivacySuppressed","PrivacySuppressed","PrivacySuppressed","PrivacySuppressed","PrivacySuppressed","PrivacySuppressed","PrivacySuppressed","PrivacySuppressed","PrivacySuppressed","PrivacySuppressed","PrivacySuppressed","PrivacySuppressed","PrivacySuppressed","PrivacySuppressed","PrivacySuppressed","PrivacySuppressed","PrivacySuppressed","PrivacySuppressed","PrivacySuppressed","PrivacySuppressed","PrivacySuppressed","PrivacySuppressed","PrivacySuppressed","PrivacySuppressed","PrivacySuppressed","PrivacySuppressed","PrivacySuppressed","PrivacySuppressed","PrivacySuppressed","PrivacySuppressed","PrivacySuppressed","PrivacySuppressed","PrivacySuppressed","PrivacySuppressed","PrivacySuppressed","PrivacySuppressed","PrivacySuppressed","PrivacySuppressed","PrivacySuppressed","PrivacySuppressed","PrivacySuppressed","PrivacySuppressed","PrivacySuppressed","PrivacySuppressed","PrivacySuppressed","PrivacySuppressed","PrivacySuppressed","PrivacySuppressed","PrivacySuppressed","PrivacySuppressed","PrivacySuppressed","PrivacySuppressed","PrivacySuppressed","PrivacySuppressed","PrivacySuppressed","PrivacySuppressed","PrivacySuppressed"
"174066","003969","University of Minnesota-Twin Cities","Public","1","0402","Architecture.","3","Bachelors Degree","91","89","104","23633","23500","100","22344","23250","45","33711","24768","41","34982","24303","57","25729","26000","55","23908","25000","30","32584","PrivacySuppressed","27","34089","PrivacySuppressed","47","21090","21500","45","20432","19750","15","35965","PrivacySuppressed","14","36705","PrivacySuppressed","46","25021","21942","44","22982","21766","12","19814","PrivacySuppressed","PrivacySuppressed","PrivacySuppressed","PrivacySuppressed","58","22532","25000","56","21842","24228","33","38765","PrivacySuppressed","PrivacySuppressed","PrivacySuppressed","PrivacySuppressed","266","261","224","222","5","80","87","41823","4","90","96","41044"
"174066","003969","University of Minnesota-Twin Cities","Public","1","0402","Architecture.","5","Master's Degree","34","32","PrivacySuppressed","PrivacySuppressed","PrivacySuppressed","45","60579","62000","PrivacySuppressed","PrivacySuppressed","PrivacySuppressed","PrivacySuppressed","PrivacySuppressed","PrivacySuppressed","PrivacySuppressed","PrivacySuppressed","PrivacySuppressed","24","70244","77482","PrivacySuppressed","PrivacySuppressed","PrivacySuppressed","PrivacySuppressed","PrivacySuppressed","PrivacySuppressed","PrivacySuppressed","PrivacySuppressed","PrivacySuppressed","21","49534","36654","PrivacySuppressed","PrivacySuppressed","PrivacySuppressed","PrivacySuppressed","PrivacySuppressed","PrivacySuppressed","PrivacySuppressed","PrivacySuppressed","PrivacySuppressed","18","67520","PrivacySuppressed","PrivacySuppressed","PrivacySuppressed","PrivacySuppressed","PrivacySuppressed","PrivacySuppressed","PrivacySuppressed","PrivacySuppressed","PrivacySuppressed","PrivacySuppressed","27","55952","PrivacySuppressed","PrivacySuppressed","PrivacySuppressed","PrivacySuppressed","PrivacySuppressed","PrivacySuppressed","PrivacySuppressed","PrivacySuppressed","PrivacySuppressed","PrivacySuppressed","637","0","25","25","50231","PrivacySuppressed","PrivacySuppressed","PrivacySuppressed","PrivacySuppressed"
"174066","003969","University of Minnesota-Twin Cities","Public","1","0403","City/Urban, Community and Regional Planning.","5","Master's Degree","35","40","PrivacySuppressed","PrivacySuppressed","PrivacySuppressed","41","41101","41000","PrivacySuppressed","PrivacySuppressed","PrivacySuppressed","PrivacySuppressed","PrivacySuppressed","PrivacySuppressed","PrivacySuppressed","PrivacySuppressed","PrivacySuppressed","24","42332","PrivacySuppressed","PrivacySuppressed","PrivacySuppressed","PrivacySuppressed","PrivacySuppressed","PrivacySuppressed","PrivacySuppressed","PrivacySuppressed","PrivacySuppressed","PrivacySuppressed","17","39362","PrivacySuppressed","PrivacySuppressed","PrivacySuppressed","PrivacySuppressed","PrivacySuppressed","PrivacySuppressed","PrivacySuppressed","PrivacySuppressed","PrivacySuppressed","PrivacySuppressed","11","35106","PrivacySuppressed","PrivacySuppressed","PrivacySuppressed","PrivacySuppressed","PrivacySuppressed","PrivacySuppressed","PrivacySuppressed","PrivacySuppressed","PrivacySuppressed","PrivacySuppressed","30","43299","PrivacySuppressed","PrivacySuppressed","PrivacySuppressed","PrivacySuppressed","PrivacySuppressed","PrivacySuppressed","PrivacySuppressed","PrivacySuppressed","PrivacySuppressed","PrivacySuppressed","421","0","18","17","48041","PrivacySuppressed","PrivacySuppressed","PrivacySuppressed","PrivacySuppressed"
"174066","003969","University of Minnesota-Twin Cities","Public","1","0404","Environmental Design.","3","Bachelors Degree","14","10","14","PrivacySuppressed","PrivacySuppressed","14","PrivacySuppressed","PrivacySuppressed","PrivacySuppressed","PrivacySuppressed","PrivacySuppressed","PrivacySuppressed","PrivacySuppressed","PrivacySuppressed","PrivacySuppressed","PrivacySuppressed","PrivacySuppressed","PrivacySuppressed","PrivacySuppressed","PrivacySuppressed","PrivacySuppressed","PrivacySuppressed","PrivacySuppressed","PrivacySuppressed","PrivacySuppressed","PrivacySuppressed","PrivacySuppressed","PrivacySuppressed","PrivacySuppressed","PrivacySuppressed","PrivacySuppressed","PrivacySuppressed","PrivacySuppressed","PrivacySuppressed","PrivacySuppressed","PrivacySuppressed","PrivacySuppressed","PrivacySuppressed","PrivacySuppressed","PrivacySuppressed","PrivacySuppressed","PrivacySuppressed","PrivacySuppressed","PrivacySuppressed","PrivacySuppressed","PrivacySuppressed","PrivacySuppressed","PrivacySuppressed","PrivacySuppressed","PrivacySuppressed","PrivacySuppressed","PrivacySuppressed","PrivacySuppressed","PrivacySuppressed","PrivacySuppressed","PrivacySuppressed","PrivacySuppressed","PrivacySuppressed","PrivacySuppressed","PrivacySuppressed","PrivacySuppressed","PrivacySuppressed","PrivacySuppressed","PrivacySuppressed","PrivacySuppressed","PrivacySuppressed","PrivacySuppressed","PrivacySuppressed","PrivacySuppressed","PrivacySuppressed","2","12","17","32382"
"174066","003969","University of Minnesota-Twin Cities","Public","1","0406","Landscape Architecture.","5","Master's Degree","18","25","PrivacySuppressed","PrivacySuppressed","PrivacySuppressed","13","107813","PrivacySuppressed","PrivacySuppressed","PrivacySuppressed","PrivacySuppressed","PrivacySuppressed","PrivacySuppressed","PrivacySuppressed","PrivacySuppressed","PrivacySuppressed","PrivacySuppressed","PrivacySuppressed","PrivacySuppressed","PrivacySuppressed","PrivacySuppressed","PrivacySuppressed","PrivacySuppressed","PrivacySuppressed","PrivacySuppressed","PrivacySuppressed","PrivacySuppressed","PrivacySuppressed","PrivacySuppressed","PrivacySuppressed","PrivacySuppressed","PrivacySuppressed","PrivacySuppressed","PrivacySuppressed","PrivacySuppressed","PrivacySuppressed","PrivacySuppressed","PrivacySuppressed","PrivacySuppressed","PrivacySuppressed","PrivacySuppressed","PrivacySuppressed","PrivacySuppressed","PrivacySuppressed","PrivacySuppressed","PrivacySuppressed","PrivacySuppressed","PrivacySuppressed","PrivacySuppressed","PrivacySuppressed","PrivacySuppressed","PrivacySuppressed","PrivacySuppressed","PrivacySuppressed","PrivacySuppressed","PrivacySuppressed","PrivacySuppressed","PrivacySuppressed","PrivacySuppressed","PrivacySuppressed","PrivacySuppressed","PrivacySuppressed","PrivacySuppressed","PrivacySuppressed","PrivacySuppressed","PrivacySuppressed","PrivacySuppressed","PrivacySuppressed","PrivacySuppressed","PrivacySuppressed","PrivacySuppressed","PrivacySuppressed","PrivacySuppressed","PrivacySuppressed"
"174066","003969","University of Minnesota-Twin Cities","Public","1","0409","Architectural Sciences and Technology.","5","Master's Degree","12","10","PrivacySuppressed","PrivacySuppressed","PrivacySuppressed","PrivacySuppressed","PrivacySuppressed","PrivacySuppressed","PrivacySuppressed","PrivacySuppressed","PrivacySuppressed","PrivacySuppressed","PrivacySuppressed","PrivacySuppressed","PrivacySuppressed","PrivacySuppressed","PrivacySuppressed","PrivacySuppressed","PrivacySuppressed","PrivacySuppressed","PrivacySuppressed","PrivacySuppressed","PrivacySuppressed","PrivacySuppressed","PrivacySuppressed","PrivacySuppressed","PrivacySuppressed","PrivacySuppressed","PrivacySuppressed","PrivacySuppressed","PrivacySuppressed","PrivacySuppressed","PrivacySuppressed","PrivacySuppressed","PrivacySuppressed","PrivacySuppressed","PrivacySuppressed","PrivacySuppressed","PrivacySuppressed","PrivacySuppressed","PrivacySuppressed","PrivacySuppressed","PrivacySuppressed","PrivacySuppressed","PrivacySuppressed","PrivacySuppressed","PrivacySuppressed","PrivacySuppressed","PrivacySuppressed","PrivacySuppressed","PrivacySuppressed","PrivacySuppressed","PrivacySuppressed","PrivacySuppressed","PrivacySuppressed","PrivacySuppressed","PrivacySuppressed","PrivacySuppressed","PrivacySuppressed","PrivacySuppressed","PrivacySuppressed","PrivacySuppressed","PrivacySuppressed","PrivacySuppressed","PrivacySuppressed","PrivacySuppressed","PrivacySuppressed","PrivacySuppressed","PrivacySuppressed","PrivacySuppressed","PrivacySuppressed","PrivacySuppressed","PrivacySuppressed","PrivacySuppressed"
"174066","003969","University of Minnesota-Twin Cities","Public","1","0499","Architecture and Related Services, Other.","3","Bachelors Degree","NULL","NULL","PrivacySuppressed","23439","PrivacySuppressed","PrivacySuppressed","20510","PrivacySuppressed","PrivacySuppressed","PrivacySuppressed","PrivacySuppressed","PrivacySuppressed","PrivacySuppressed","PrivacySuppressed","PrivacySuppressed","PrivacySuppressed","PrivacySuppressed","PrivacySuppressed","PrivacySuppressed","PrivacySuppressed","PrivacySuppressed","PrivacySuppressed","PrivacySuppressed","PrivacySuppressed","PrivacySuppressed","PrivacySuppressed","PrivacySuppressed","PrivacySuppressed","PrivacySuppressed","PrivacySuppressed","PrivacySuppressed","PrivacySuppressed","PrivacySuppressed","PrivacySuppressed","PrivacySuppressed","PrivacySuppressed","PrivacySuppressed","PrivacySuppressed","PrivacySuppressed","PrivacySuppressed","PrivacySuppressed","PrivacySuppressed","PrivacySuppressed","PrivacySuppressed","PrivacySuppressed","PrivacySuppressed","PrivacySuppressed","PrivacySuppressed","PrivacySuppressed","PrivacySuppressed","PrivacySuppressed","PrivacySuppressed","PrivacySuppressed","PrivacySuppressed","PrivacySuppressed","PrivacySuppressed","PrivacySuppressed","PrivacySuppressed","PrivacySuppressed","PrivacySuppressed","PrivacySuppressed","PrivacySuppressed","PrivacySuppressed","PrivacySuppressed","PrivacySuppressed","PrivacySuppressed","PrivacySuppressed","PrivacySuppressed","PrivacySuppressed","PrivacySuppressed","PrivacySuppressed","PrivacySuppressed","PrivacySuppressed","PrivacySuppressed"
"174066","003969","University of Minnesota-Twin Cities","Public","1","0499","Architecture and Related Services, Other.","4","Post-baccalaureate Certificate","NULL","NULL","PrivacySuppressed","PrivacySuppressed","PrivacySuppressed","PrivacySuppressed","PrivacySuppressed","PrivacySuppressed","PrivacySuppressed","PrivacySuppressed","PrivacySuppressed","PrivacySuppressed","PrivacySuppressed","PrivacySuppressed","PrivacySuppressed","PrivacySuppressed","PrivacySuppressed","PrivacySuppressed","PrivacySuppressed","PrivacySuppressed","PrivacySuppressed","PrivacySuppressed","PrivacySuppressed","PrivacySuppressed","PrivacySuppressed","PrivacySuppressed","PrivacySuppressed","PrivacySuppressed","PrivacySuppressed","PrivacySuppressed","PrivacySuppressed","PrivacySuppressed","PrivacySuppressed","PrivacySuppressed","PrivacySuppressed","PrivacySuppressed","PrivacySuppressed","PrivacySuppressed","PrivacySuppressed","PrivacySuppressed","PrivacySuppressed","PrivacySuppressed","PrivacySuppressed","PrivacySuppressed","PrivacySuppressed","PrivacySuppressed","PrivacySuppressed","PrivacySuppressed","PrivacySuppressed","PrivacySuppressed","PrivacySuppressed","PrivacySuppressed","PrivacySuppressed","PrivacySuppressed","PrivacySuppressed","PrivacySuppressed","PrivacySuppressed","PrivacySuppressed","PrivacySuppressed","PrivacySuppressed","PrivacySuppressed","PrivacySuppressed","PrivacySuppressed","PrivacySuppressed","PrivacySuppressed","PrivacySuppressed","PrivacySuppressed","PrivacySuppressed","PrivacySuppressed","PrivacySuppressed","PrivacySuppressed","PrivacySuppressed","PrivacySuppressed","PrivacySuppressed"
"174066","003969","University of Minnesota-Twin Cities","Public","1","0499","Architecture and Related Services, Other.","8","Graduate/Professional Certificate","1","0","PrivacySuppressed","PrivacySuppressed","PrivacySuppressed","PrivacySuppressed","PrivacySuppressed","PrivacySuppressed","PrivacySuppressed","PrivacySuppressed","PrivacySuppressed","PrivacySuppressed","PrivacySuppressed","PrivacySuppressed","PrivacySuppressed","PrivacySuppressed","PrivacySuppressed","PrivacySuppressed","PrivacySuppressed","PrivacySuppressed","PrivacySuppressed","PrivacySuppressed","PrivacySuppressed","PrivacySuppressed","PrivacySuppressed","PrivacySuppressed","PrivacySuppressed","PrivacySuppressed","PrivacySuppressed","PrivacySuppressed","PrivacySuppressed","PrivacySuppressed","PrivacySuppressed","PrivacySuppressed","PrivacySuppressed","PrivacySuppressed","PrivacySuppressed","PrivacySuppressed","PrivacySuppressed","PrivacySuppressed","PrivacySuppressed","PrivacySuppressed","PrivacySuppressed","PrivacySuppressed","PrivacySuppressed","PrivacySuppressed","PrivacySuppressed","PrivacySuppressed","PrivacySuppressed","PrivacySuppressed","PrivacySuppressed","PrivacySuppressed","PrivacySuppressed","PrivacySuppressed","PrivacySuppressed","PrivacySuppressed","PrivacySuppressed","PrivacySuppressed","PrivacySuppressed","PrivacySuppressed","PrivacySuppressed","PrivacySuppressed","PrivacySuppressed","PrivacySuppressed","PrivacySuppressed","PrivacySuppressed","PrivacySuppressed","PrivacySuppressed","PrivacySuppressed","PrivacySuppressed","PrivacySuppressed","PrivacySuppressed","PrivacySuppressed","PrivacySuppressed"
"174066","003969","University of Minnesota-Twin Cities","Public","1","0501","Area Studies.","3","Bachelors Degree","5","6","PrivacySuppressed","PrivacySuppressed","PrivacySuppressed","PrivacySuppressed","PrivacySuppressed","PrivacySuppressed","PrivacySuppressed","PrivacySuppressed","PrivacySuppressed","PrivacySuppressed","PrivacySuppressed","PrivacySuppressed","PrivacySuppressed","PrivacySuppressed","PrivacySuppressed","PrivacySuppressed","PrivacySuppressed","PrivacySuppressed","PrivacySuppressed","PrivacySuppressed","PrivacySuppressed","PrivacySuppressed","PrivacySuppressed","PrivacySuppressed","PrivacySuppressed","PrivacySuppressed","PrivacySuppressed","PrivacySuppressed","PrivacySuppressed","PrivacySuppressed","PrivacySuppressed","PrivacySuppressed","PrivacySuppressed","PrivacySuppressed","PrivacySuppressed","PrivacySuppressed","PrivacySuppressed","PrivacySuppressed","PrivacySuppressed","PrivacySuppressed","PrivacySuppressed","PrivacySuppressed","PrivacySuppressed","PrivacySuppressed","PrivacySuppressed","PrivacySuppressed","PrivacySuppressed","PrivacySuppressed","PrivacySuppressed","PrivacySuppressed","PrivacySuppressed","PrivacySuppressed","PrivacySuppressed","PrivacySuppressed","PrivacySuppressed","PrivacySuppressed","PrivacySuppressed","PrivacySuppressed","PrivacySuppressed","PrivacySuppressed","PrivacySuppressed","PrivacySuppressed","PrivacySuppressed","PrivacySuppressed","PrivacySuppressed","PrivacySuppressed","PrivacySuppressed","PrivacySuppressed","PrivacySuppressed","PrivacySuppressed","PrivacySuppressed","PrivacySuppressed"
"174066","003969","University of Minnesota-Twin Cities","Public","1","0501","Area Studies.","5","Master's Degree","1","0","PrivacySuppressed","PrivacySuppressed","PrivacySuppressed","PrivacySuppressed","PrivacySuppressed","PrivacySuppressed","PrivacySuppressed","PrivacySuppressed","PrivacySuppressed","PrivacySuppressed","PrivacySuppressed","PrivacySuppressed","PrivacySuppressed","PrivacySuppressed","PrivacySuppressed","PrivacySuppressed","PrivacySuppressed","PrivacySuppressed","PrivacySuppressed","PrivacySuppressed","PrivacySuppressed","PrivacySuppressed","PrivacySuppressed","PrivacySuppressed","PrivacySuppressed","PrivacySuppressed","PrivacySuppressed","PrivacySuppressed","PrivacySuppressed","PrivacySuppressed","PrivacySuppressed","PrivacySuppressed","PrivacySuppressed","PrivacySuppressed","PrivacySuppressed","PrivacySuppressed","PrivacySuppressed","PrivacySuppressed","PrivacySuppressed","PrivacySuppressed","PrivacySuppressed","PrivacySuppressed","PrivacySuppressed","PrivacySuppressed","PrivacySuppressed","PrivacySuppressed","PrivacySuppressed","PrivacySuppressed","PrivacySuppressed","PrivacySuppressed","PrivacySuppressed","PrivacySuppressed","PrivacySuppressed","PrivacySuppressed","PrivacySuppressed","PrivacySuppressed","PrivacySuppressed","PrivacySuppressed","PrivacySuppressed","PrivacySuppressed","PrivacySuppressed","PrivacySuppressed","PrivacySuppressed","PrivacySuppressed","PrivacySuppressed","PrivacySuppressed","PrivacySuppressed","PrivacySuppressed","PrivacySuppressed","PrivacySuppressed","PrivacySuppressed","PrivacySuppressed"
"174066","003969","University of Minnesota-Twin Cities","Public","1","0501","Area Studies.","6","Doctoral Degree","2","5","PrivacySuppressed","PrivacySuppressed","PrivacySuppressed","PrivacySuppressed","PrivacySuppressed","PrivacySuppressed","PrivacySuppressed","PrivacySuppressed","PrivacySuppressed","PrivacySuppressed","PrivacySuppressed","PrivacySuppressed","PrivacySuppressed","PrivacySuppressed","PrivacySuppressed","PrivacySuppressed","PrivacySuppressed","PrivacySuppressed","PrivacySuppressed","PrivacySuppressed","PrivacySuppressed","PrivacySuppressed","PrivacySuppressed","PrivacySuppressed","PrivacySuppressed","PrivacySuppressed","PrivacySuppressed","PrivacySuppressed","PrivacySuppressed","PrivacySuppressed","PrivacySuppressed","PrivacySuppressed","PrivacySuppressed","PrivacySuppressed","PrivacySuppressed","PrivacySuppressed","PrivacySuppressed","PrivacySuppressed","PrivacySuppressed","PrivacySuppressed","PrivacySuppressed","PrivacySuppressed","PrivacySuppressed","PrivacySuppressed","PrivacySuppressed","PrivacySuppressed","PrivacySuppressed","PrivacySuppressed","PrivacySuppressed","PrivacySuppressed","PrivacySuppressed","PrivacySuppressed","PrivacySuppressed","PrivacySuppressed","PrivacySuppressed","PrivacySuppressed","PrivacySuppressed","PrivacySuppressed","PrivacySuppressed","PrivacySuppressed","PrivacySuppressed","PrivacySuppressed","PrivacySuppressed","PrivacySuppressed","PrivacySuppressed","PrivacySuppressed","PrivacySuppressed","PrivacySuppressed","PrivacySuppressed","PrivacySuppressed","PrivacySuppressed","PrivacySuppressed"
"174066","003969","University of Minnesota-Twin Cities","Public","1","0502","Ethnic, Cultural Minority, Gender, and Group Studies.","3","Bachelors Degree","34","25","51","24092","22250","49","21474","22000","13","29125","PrivacySuppressed","12","30384","PrivacySuppressed","PrivacySuppressed","PrivacySuppressed","PrivacySuppressed","PrivacySuppressed","PrivacySuppressed","PrivacySuppressed","PrivacySuppressed","PrivacySuppressed","PrivacySuppressed","PrivacySuppressed","PrivacySuppressed","PrivacySuppressed","PrivacySuppressed","PrivacySuppressed","PrivacySuppressed","PrivacySuppressed","PrivacySuppressed","PrivacySuppressed","PrivacySuppressed","PrivacySuppressed","PrivacySuppressed","PrivacySuppressed","PrivacySuppressed","PrivacySuppressed","31","28002","27000","30","23528","25191","PrivacySuppressed","PrivacySuppressed","PrivacySuppressed","PrivacySuppressed","PrivacySuppressed","PrivacySuppressed","20","18031","19030","19","18230","19030","PrivacySuppressed","PrivacySuppressed","PrivacySuppressed","PrivacySuppressed","PrivacySuppressed","PrivacySuppressed","PrivacySuppressed","PrivacySuppressed","212","210","4","37","44","30554","2","21","26","28381"
"174066","003969","University of Minnesota-Twin Cities","Public","1","0502","Ethnic, Cultural Minority, Gender, and Group Studies.","5","Master's Degree","0","2","PrivacySuppressed","PrivacySuppressed","PrivacySuppressed","PrivacySuppressed","PrivacySuppressed","PrivacySuppressed","PrivacySuppressed","PrivacySuppressed","PrivacySuppressed","PrivacySuppressed","PrivacySuppressed","PrivacySuppressed","PrivacySuppressed","PrivacySuppressed","PrivacySuppressed","PrivacySuppressed","PrivacySuppressed","PrivacySuppressed","PrivacySuppressed","PrivacySuppressed","PrivacySuppressed","PrivacySuppressed","PrivacySuppressed","PrivacySuppressed","PrivacySuppressed","PrivacySuppressed","PrivacySuppressed","PrivacySuppressed","PrivacySuppressed","PrivacySuppressed","PrivacySuppressed","PrivacySuppressed","PrivacySuppressed","PrivacySuppressed","PrivacySuppressed","PrivacySuppressed","PrivacySuppressed","PrivacySuppressed","PrivacySuppressed","PrivacySuppressed","PrivacySuppressed","PrivacySuppressed","PrivacySuppressed","PrivacySuppressed","PrivacySuppressed","PrivacySuppressed","PrivacySuppressed","PrivacySuppressed","PrivacySuppressed","PrivacySuppressed","PrivacySuppressed","PrivacySuppressed","PrivacySuppressed","PrivacySuppressed","PrivacySuppressed","PrivacySuppressed","PrivacySuppressed","PrivacySuppressed","PrivacySuppressed","PrivacySuppressed","PrivacySuppressed","PrivacySuppressed","PrivacySuppressed","PrivacySuppressed","PrivacySuppressed","PrivacySuppressed","PrivacySuppressed","PrivacySuppressed","PrivacySuppressed","PrivacySuppressed","PrivacySuppressed","PrivacySuppressed"
"174066","003969","University of Minnesota-Twin Cities","Public","1","0502","Ethnic, Cultural Minority, Gender, and Group Studies.","6","Doctoral Degree","3","1","PrivacySuppressed","PrivacySuppressed","PrivacySuppressed","PrivacySuppressed","PrivacySuppressed","PrivacySuppressed","PrivacySuppressed","PrivacySuppressed","PrivacySuppressed","PrivacySuppressed","PrivacySuppressed","PrivacySuppressed","PrivacySuppressed","PrivacySuppressed","PrivacySuppressed","PrivacySuppressed","PrivacySuppressed","PrivacySuppressed","PrivacySuppressed","PrivacySuppressed","PrivacySuppressed","PrivacySuppressed","PrivacySuppressed","PrivacySuppressed","PrivacySuppressed","PrivacySuppressed","PrivacySuppressed","PrivacySuppressed","PrivacySuppressed","PrivacySuppressed","PrivacySuppressed","PrivacySuppressed","PrivacySuppressed","PrivacySuppressed","PrivacySuppressed","PrivacySuppressed","PrivacySuppressed","PrivacySuppressed","PrivacySuppressed","PrivacySuppressed","PrivacySuppressed","PrivacySuppressed","PrivacySuppressed","PrivacySuppressed","PrivacySuppressed","PrivacySuppressed","PrivacySuppressed","PrivacySuppressed","PrivacySuppressed","PrivacySuppressed","PrivacySuppressed","PrivacySuppressed","PrivacySuppressed","PrivacySuppressed","PrivacySuppressed","PrivacySuppressed","PrivacySuppressed","PrivacySuppressed","PrivacySuppressed","PrivacySuppressed","PrivacySuppressed","PrivacySuppressed","PrivacySuppressed","PrivacySuppressed","PrivacySuppressed","PrivacySuppressed","PrivacySuppressed","PrivacySuppressed","PrivacySuppressed","PrivacySuppressed","PrivacySuppressed","PrivacySuppressed"
"174066","003969","University of Minnesota-Twin Cities","Public","1","0901","Communication and Media Studies.","1","Undergraduate Certificate or Diploma","0","0","PrivacySuppressed","PrivacySuppressed","PrivacySuppressed","PrivacySuppressed","PrivacySuppressed","PrivacySuppressed","PrivacySuppressed","PrivacySuppressed","PrivacySuppressed","PrivacySuppressed","PrivacySuppressed","PrivacySuppressed","PrivacySuppressed","PrivacySuppressed","PrivacySuppressed","PrivacySuppressed","PrivacySuppressed","PrivacySuppressed","PrivacySuppressed","PrivacySuppressed","PrivacySuppressed","PrivacySuppressed","PrivacySuppressed","PrivacySuppressed","PrivacySuppressed","PrivacySuppressed","PrivacySuppressed","PrivacySuppressed","PrivacySuppressed","PrivacySuppressed","PrivacySuppressed","PrivacySuppressed","PrivacySuppressed","PrivacySuppressed","PrivacySuppressed","PrivacySuppressed","PrivacySuppressed","PrivacySuppressed","PrivacySuppressed","PrivacySuppressed","PrivacySuppressed","PrivacySuppressed","PrivacySuppressed","PrivacySuppressed","PrivacySuppressed","PrivacySuppressed","PrivacySuppressed","PrivacySuppressed","PrivacySuppressed","PrivacySuppressed","PrivacySuppressed","PrivacySuppressed","PrivacySuppressed","PrivacySuppressed","PrivacySuppressed","PrivacySuppressed","PrivacySuppressed","PrivacySuppressed","PrivacySuppressed","PrivacySuppressed","PrivacySuppressed","PrivacySuppressed","PrivacySuppressed","PrivacySuppressed","PrivacySuppressed","PrivacySuppressed","PrivacySuppressed","PrivacySuppressed","PrivacySuppressed","PrivacySuppressed","PrivacySuppressed","PrivacySuppressed"
"174066","003969","University of Minnesota-Twin Cities","Public","1","0901","Communication and Media Studies.","5","Master's Degree","11","4","PrivacySuppressed","PrivacySuppressed","PrivacySuppressed","PrivacySuppressed","PrivacySuppressed","PrivacySuppressed","PrivacySuppressed","PrivacySuppressed","PrivacySuppressed","PrivacySuppressed","PrivacySuppressed","PrivacySuppressed","PrivacySuppressed","PrivacySuppressed","PrivacySuppressed","PrivacySuppressed","PrivacySuppressed","PrivacySuppressed","PrivacySuppressed","PrivacySuppressed","PrivacySuppressed","PrivacySuppressed","PrivacySuppressed","PrivacySuppressed","PrivacySuppressed","PrivacySuppressed","PrivacySuppressed","PrivacySuppressed","PrivacySuppressed","PrivacySuppressed","PrivacySuppressed","PrivacySuppressed","PrivacySuppressed","PrivacySuppressed","PrivacySuppressed","PrivacySuppressed","PrivacySuppressed","PrivacySuppressed","PrivacySuppressed","PrivacySuppressed","PrivacySuppressed","PrivacySuppressed","PrivacySuppressed","PrivacySuppressed","PrivacySuppressed","PrivacySuppressed","PrivacySuppressed","PrivacySuppressed","PrivacySuppressed","PrivacySuppressed","PrivacySuppressed","PrivacySuppressed","PrivacySuppressed","PrivacySuppressed","PrivacySuppressed","PrivacySuppressed","PrivacySuppressed","PrivacySuppressed","PrivacySuppressed","PrivacySuppressed","PrivacySuppressed","PrivacySuppressed","PrivacySuppressed","PrivacySuppressed","PrivacySuppressed","PrivacySuppressed","PrivacySuppressed","PrivacySuppressed","PrivacySuppressed","PrivacySuppressed","PrivacySuppressed","PrivacySuppressed"
"174066","003969","University of Minnesota-Twin Cities","Public","1","0901","Communication and Media Studies.","6","Doctoral Degree","3","2","PrivacySuppressed","PrivacySuppressed","PrivacySuppressed","PrivacySuppressed","PrivacySuppressed","PrivacySuppressed","PrivacySuppressed","PrivacySuppressed","PrivacySuppressed","PrivacySuppressed","PrivacySuppressed","PrivacySuppressed","PrivacySuppressed","PrivacySuppressed","PrivacySuppressed","PrivacySuppressed","PrivacySuppressed","PrivacySuppressed","PrivacySuppressed","PrivacySuppressed","PrivacySuppressed","PrivacySuppressed","PrivacySuppressed","PrivacySuppressed","PrivacySuppressed","PrivacySuppressed","PrivacySuppressed","PrivacySuppressed","PrivacySuppressed","PrivacySuppressed","PrivacySuppressed","PrivacySuppressed","PrivacySuppressed","PrivacySuppressed","PrivacySuppressed","PrivacySuppressed","PrivacySuppressed","PrivacySuppressed","PrivacySuppressed","PrivacySuppressed","PrivacySuppressed","PrivacySuppressed","PrivacySuppressed","PrivacySuppressed","PrivacySuppressed","PrivacySuppressed","PrivacySuppressed","PrivacySuppressed","PrivacySuppressed","PrivacySuppressed","PrivacySuppressed","PrivacySuppressed","PrivacySuppressed","PrivacySuppressed","PrivacySuppressed","PrivacySuppressed","PrivacySuppressed","PrivacySuppressed","PrivacySuppressed","PrivacySuppressed","PrivacySuppressed","PrivacySuppressed","PrivacySuppressed","PrivacySuppressed","PrivacySuppressed","PrivacySuppressed","PrivacySuppressed","PrivacySuppressed","PrivacySuppressed","PrivacySuppressed","PrivacySuppressed","PrivacySuppressed"
"174066","003969","University of Minnesota-Twin Cities","Public","1","0901","Communication and Media Studies.","8","Graduate/Professional Certificate","0","0","PrivacySuppressed","PrivacySuppressed","PrivacySuppressed","PrivacySuppressed","PrivacySuppressed","PrivacySuppressed","PrivacySuppressed","PrivacySuppressed","PrivacySuppressed","PrivacySuppressed","PrivacySuppressed","PrivacySuppressed","PrivacySuppressed","PrivacySuppressed","PrivacySuppressed","PrivacySuppressed","PrivacySuppressed","PrivacySuppressed","PrivacySuppressed","PrivacySuppressed","PrivacySuppressed","PrivacySuppressed","PrivacySuppressed","PrivacySuppressed","PrivacySuppressed","PrivacySuppressed","PrivacySuppressed","PrivacySuppressed","PrivacySuppressed","PrivacySuppressed","PrivacySuppressed","PrivacySuppressed","PrivacySuppressed","PrivacySuppressed","PrivacySuppressed","PrivacySuppressed","PrivacySuppressed","PrivacySuppressed","PrivacySuppressed","PrivacySuppressed","PrivacySuppressed","PrivacySuppressed","PrivacySuppressed","PrivacySuppressed","PrivacySuppressed","PrivacySuppressed","PrivacySuppressed","PrivacySuppressed","PrivacySuppressed","PrivacySuppressed","PrivacySuppressed","PrivacySuppressed","PrivacySuppressed","PrivacySuppressed","PrivacySuppressed","PrivacySuppressed","PrivacySuppressed","PrivacySuppressed","PrivacySuppressed","PrivacySuppressed","PrivacySuppressed","PrivacySuppressed","PrivacySuppressed","PrivacySuppressed","PrivacySuppressed","PrivacySuppressed","PrivacySuppressed","PrivacySuppressed","PrivacySuppressed","PrivacySuppressed","PrivacySuppressed","PrivacySuppressed"
"174066","003969","University of Minnesota-Twin Cities","Public","1","0904","Journalism.","3","Bachelors Degree","304","265","322","20431","22250","310","19181","20500","124","30168","20048","115","29667","20000","91","20553","23000","87","19230","21500","38","24435","18000","36","22783","17579","231","20383","21750","223","19162","19652","86","32701","21981","79","32804","22828","112","21773","22468","110","19183","18250","39","22852","16384","36","22291","14896","210","19716","22103","200","19180","21200","85","33524","23048","79","33028","22828","216","215","212","196","5","306","347","40149","5","269","305","40298"
"174066","003969","University of Minnesota-Twin Cities","Public","1","0904","Journalism.","5","Master's Degree","0","0","PrivacySuppressed","PrivacySuppressed","PrivacySuppressed","PrivacySuppressed","PrivacySuppressed","PrivacySuppressed","PrivacySuppressed","PrivacySuppressed","PrivacySuppressed","PrivacySuppressed","PrivacySuppressed","PrivacySuppressed","PrivacySuppressed","PrivacySuppressed","PrivacySuppressed","PrivacySuppressed","PrivacySuppressed","PrivacySuppressed","PrivacySuppressed","PrivacySuppressed","PrivacySuppressed","PrivacySuppressed","PrivacySuppressed","PrivacySuppressed","PrivacySuppressed","PrivacySuppressed","PrivacySuppressed","PrivacySuppressed","PrivacySuppressed","PrivacySuppressed","PrivacySuppressed","PrivacySuppressed","PrivacySuppressed","PrivacySuppressed","PrivacySuppressed","PrivacySuppressed","PrivacySuppressed","PrivacySuppressed","PrivacySuppressed","PrivacySuppressed","PrivacySuppressed","PrivacySuppressed","PrivacySuppressed","PrivacySuppressed","PrivacySuppressed","PrivacySuppressed","PrivacySuppressed","PrivacySuppressed","PrivacySuppressed","PrivacySuppressed","PrivacySuppressed","PrivacySuppressed","PrivacySuppressed","PrivacySuppressed","PrivacySuppressed","PrivacySuppressed","PrivacySuppressed","PrivacySuppressed","PrivacySuppressed","PrivacySuppressed","PrivacySuppressed","PrivacySuppressed","PrivacySuppressed","PrivacySuppressed","PrivacySuppressed","PrivacySuppressed","PrivacySuppressed","PrivacySuppressed","PrivacySuppressed","PrivacySuppressed","PrivacySuppressed","PrivacySuppressed"
"174066","003969","University of Minnesota-Twin Cities","Public","1","0909","Public Relations, Advertising, and Applied Communication.","4","Post-baccalaureate Certificate","NULL","NULL","PrivacySuppressed","PrivacySuppressed","PrivacySuppressed","PrivacySuppressed","PrivacySuppressed","PrivacySuppressed","PrivacySuppressed","PrivacySuppressed","PrivacySuppressed","PrivacySuppressed","PrivacySuppressed","PrivacySuppressed","PrivacySuppressed","PrivacySuppressed","PrivacySuppressed","PrivacySuppressed","PrivacySuppressed","PrivacySuppressed","PrivacySuppressed","PrivacySuppressed","PrivacySuppressed","PrivacySuppressed","PrivacySuppressed","PrivacySuppressed","PrivacySuppressed","PrivacySuppressed","PrivacySuppressed","PrivacySuppressed","PrivacySuppressed","PrivacySuppressed","PrivacySuppressed","PrivacySuppressed","PrivacySuppressed","PrivacySuppressed","PrivacySuppressed","PrivacySuppressed","PrivacySuppressed","PrivacySuppressed","PrivacySuppressed","PrivacySuppressed","PrivacySuppressed","PrivacySuppressed","PrivacySuppressed","PrivacySuppressed","PrivacySuppressed","PrivacySuppressed","PrivacySuppressed","PrivacySuppressed","PrivacySuppressed","PrivacySuppressed","PrivacySuppressed","PrivacySuppressed","PrivacySuppressed","PrivacySuppressed","PrivacySuppressed","PrivacySuppressed","PrivacySuppressed","PrivacySuppressed","PrivacySuppressed","PrivacySuppressed","PrivacySuppressed","PrivacySuppressed","PrivacySuppressed","PrivacySuppressed","PrivacySuppressed","PrivacySuppressed","PrivacySuppressed","PrivacySuppressed","PrivacySuppressed","PrivacySuppressed","PrivacySuppressed","PrivacySuppressed"
"174066","003969","University of Minnesota-Twin Cities","Public","1","0909","Public Relations, Advertising, and Applied Communication.","5","Master's Degree","4","4","PrivacySuppressed","PrivacySuppressed","PrivacySuppressed","PrivacySuppressed","PrivacySuppressed","PrivacySuppressed","PrivacySuppressed","PrivacySuppressed","PrivacySuppressed","PrivacySuppressed","PrivacySuppressed","PrivacySuppressed","PrivacySuppressed","PrivacySuppressed","PrivacySuppressed","PrivacySuppressed","PrivacySuppressed","PrivacySuppressed","PrivacySuppressed","PrivacySuppressed","PrivacySuppressed","PrivacySuppressed","PrivacySuppressed","PrivacySuppressed","PrivacySuppressed","PrivacySuppressed","PrivacySuppressed","PrivacySuppressed","PrivacySuppressed","PrivacySuppressed","PrivacySuppressed","PrivacySuppressed","PrivacySuppressed","PrivacySuppressed","PrivacySuppressed","PrivacySuppressed","PrivacySuppressed","PrivacySuppressed","PrivacySuppressed","PrivacySuppressed","PrivacySuppressed","PrivacySuppressed","PrivacySuppressed","PrivacySuppressed","PrivacySuppressed","PrivacySuppressed","PrivacySuppressed","PrivacySuppressed","PrivacySuppressed","PrivacySuppressed","PrivacySuppressed","PrivacySuppressed","PrivacySuppressed","PrivacySuppressed","PrivacySuppressed","PrivacySuppressed","PrivacySuppressed","PrivacySuppressed","PrivacySuppressed","PrivacySuppressed","PrivacySuppressed","PrivacySuppressed","PrivacySuppressed","PrivacySuppressed","PrivacySuppressed","PrivacySuppressed","PrivacySuppressed","PrivacySuppressed","PrivacySuppressed","PrivacySuppressed","PrivacySuppressed","PrivacySuppressed"
"174066","003969","University of Minnesota-Twin Cities","Public","1","0909","Public Relations, Advertising, and Applied Communication.","8","Graduate/Professional Certificate","3","2","PrivacySuppressed","PrivacySuppressed","PrivacySuppressed","PrivacySuppressed","PrivacySuppressed","PrivacySuppressed","PrivacySuppressed","PrivacySuppressed","PrivacySuppressed","PrivacySuppressed","PrivacySuppressed","PrivacySuppressed","PrivacySuppressed","PrivacySuppressed","PrivacySuppressed","PrivacySuppressed","PrivacySuppressed","PrivacySuppressed","PrivacySuppressed","PrivacySuppressed","PrivacySuppressed","PrivacySuppressed","PrivacySuppressed","PrivacySuppressed","PrivacySuppressed","PrivacySuppressed","PrivacySuppressed","PrivacySuppressed","PrivacySuppressed","PrivacySuppressed","PrivacySuppressed","PrivacySuppressed","PrivacySuppressed","PrivacySuppressed","PrivacySuppressed","PrivacySuppressed","PrivacySuppressed","PrivacySuppressed","PrivacySuppressed","PrivacySuppressed","PrivacySuppressed","PrivacySuppressed","PrivacySuppressed","PrivacySuppressed","PrivacySuppressed","PrivacySuppressed","PrivacySuppressed","PrivacySuppressed","PrivacySuppressed","PrivacySuppressed","PrivacySuppressed","PrivacySuppressed","PrivacySuppressed","PrivacySuppressed","PrivacySuppressed","PrivacySuppressed","PrivacySuppressed","PrivacySuppressed","PrivacySuppressed","PrivacySuppressed","PrivacySuppressed","PrivacySuppressed","PrivacySuppressed","PrivacySuppressed","PrivacySuppressed","PrivacySuppressed","PrivacySuppressed","PrivacySuppressed","PrivacySuppressed","PrivacySuppressed","PrivacySuppressed","PrivacySuppressed"
"174066","003969","University of Minnesota-Twin Cities","Public","1","0999","Communication, Journalism, and Related Programs, Other.","1","Undergraduate Certificate or Diploma","3","3","PrivacySuppressed","PrivacySuppressed","PrivacySuppressed","PrivacySuppressed","PrivacySuppressed","PrivacySuppressed","PrivacySuppressed","PrivacySuppressed","PrivacySuppressed","PrivacySuppressed","PrivacySuppressed","PrivacySuppressed","PrivacySuppressed","PrivacySuppressed","PrivacySuppressed","PrivacySuppressed","PrivacySuppressed","PrivacySuppressed","PrivacySuppressed","PrivacySuppressed","PrivacySuppressed","PrivacySuppressed","PrivacySuppressed","PrivacySuppressed","PrivacySuppressed","PrivacySuppressed","PrivacySuppressed","PrivacySuppressed","PrivacySuppressed","PrivacySuppressed","PrivacySuppressed","PrivacySuppressed","PrivacySuppressed","PrivacySuppressed","PrivacySuppressed","PrivacySuppressed","PrivacySuppressed","PrivacySuppressed","PrivacySuppressed","PrivacySuppressed","PrivacySuppressed","PrivacySuppressed","PrivacySuppressed","PrivacySuppressed","PrivacySuppressed","PrivacySuppressed","PrivacySuppressed","PrivacySuppressed","PrivacySuppressed","PrivacySuppressed","PrivacySuppressed","PrivacySuppressed","PrivacySuppressed","PrivacySuppressed","PrivacySuppressed","PrivacySuppressed","PrivacySuppressed","PrivacySuppressed","PrivacySuppressed","PrivacySuppressed","PrivacySuppressed","PrivacySuppressed","PrivacySuppressed","PrivacySuppressed","PrivacySuppressed","PrivacySuppressed","PrivacySuppressed","PrivacySuppressed","PrivacySuppressed","PrivacySuppressed","PrivacySuppressed","PrivacySuppressed"
"174066","003969","University of Minnesota-Twin Cities","Public","1","0999","Communication, Journalism, and Related Programs, Other.","3","Bachelors Degree","25","30","31","PrivacySuppressed","23089","31","PrivacySuppressed","17395","PrivacySuppressed","PrivacySuppressed","PrivacySuppressed","PrivacySuppressed","PrivacySuppressed","PrivacySuppressed","17","PrivacySuppressed","PrivacySuppressed","17","PrivacySuppressed","PrivacySuppressed","PrivacySuppressed","PrivacySuppressed","PrivacySuppressed","PrivacySuppressed","PrivacySuppressed","PrivacySuppressed","14","PrivacySuppressed","PrivacySuppressed","14","PrivacySuppressed","PrivacySuppressed","PrivacySuppressed","PrivacySuppressed","PrivacySuppressed","PrivacySuppressed","PrivacySuppressed","PrivacySuppressed","14","PrivacySuppressed","PrivacySuppressed","14","PrivacySuppressed","PrivacySuppressed","PrivacySuppressed","PrivacySuppressed","PrivacySuppressed","PrivacySuppressed","PrivacySuppressed","PrivacySuppressed","17","PrivacySuppressed","PrivacySuppressed","17","PrivacySuppressed","PrivacySuppressed","PrivacySuppressed","PrivacySuppressed","PrivacySuppressed","PrivacySuppressed","PrivacySuppressed","PrivacySuppressed","PrivacySuppressed","PrivacySuppressed","220","166","0","28","31","46999","1","25","27","43798"
"174066","003969","University of Minnesota-Twin Cities","Public","1","0999","Communication, Journalism, and Related Programs, Other.","4","Post-baccalaureate Certificate","NULL","NULL","PrivacySuppressed","PrivacySuppressed","PrivacySuppressed","PrivacySuppressed","PrivacySuppressed","PrivacySuppressed","PrivacySuppressed","PrivacySuppressed","PrivacySuppressed","PrivacySuppressed","PrivacySuppressed","PrivacySuppressed","PrivacySuppressed","PrivacySuppressed","PrivacySuppressed","PrivacySuppressed","PrivacySuppressed","PrivacySuppressed","PrivacySuppressed","PrivacySuppressed","PrivacySuppressed","PrivacySuppressed","PrivacySuppressed","PrivacySuppressed","PrivacySuppressed","PrivacySuppressed","PrivacySuppressed","PrivacySuppressed","PrivacySuppressed","PrivacySuppressed","PrivacySuppressed","PrivacySuppressed","PrivacySuppressed","PrivacySuppressed","PrivacySuppressed","PrivacySuppressed","PrivacySuppressed","PrivacySuppressed","PrivacySuppressed","PrivacySuppressed","PrivacySuppressed","PrivacySuppressed","PrivacySuppressed","PrivacySuppressed","PrivacySuppressed","PrivacySuppressed","PrivacySuppressed","PrivacySuppressed","PrivacySuppressed","PrivacySuppressed","PrivacySuppressed","PrivacySuppressed","PrivacySuppressed","PrivacySuppressed","PrivacySuppressed","PrivacySuppressed","PrivacySuppressed","PrivacySuppressed","PrivacySuppressed","PrivacySuppressed","PrivacySuppressed","PrivacySuppressed","PrivacySuppressed","PrivacySuppressed","PrivacySuppressed","PrivacySuppressed","PrivacySuppressed","PrivacySuppressed","PrivacySuppressed","PrivacySuppressed","PrivacySuppressed","PrivacySuppressed"
"174066","003969","University of Minnesota-Twin Cities","Public","1","0999","Communication, Journalism, and Related Programs, Other.","5","Master's Degree","21","23","PrivacySuppressed","PrivacySuppressed","PrivacySuppressed","PrivacySuppressed","PrivacySuppressed","PrivacySuppressed","PrivacySuppressed","PrivacySuppressed","PrivacySuppressed","PrivacySuppressed","PrivacySuppressed","PrivacySuppressed","PrivacySuppressed","PrivacySuppressed","PrivacySuppressed","PrivacySuppressed","PrivacySuppressed","PrivacySuppressed","PrivacySuppressed","PrivacySuppressed","PrivacySuppressed","PrivacySuppressed","PrivacySuppressed","PrivacySuppressed","PrivacySuppressed","PrivacySuppressed","PrivacySuppressed","PrivacySuppressed","PrivacySuppressed","PrivacySuppressed","PrivacySuppressed","PrivacySuppressed","PrivacySuppressed","PrivacySuppressed","PrivacySuppressed","PrivacySuppressed","PrivacySuppressed","PrivacySuppressed","PrivacySuppressed","PrivacySuppressed","PrivacySuppressed","PrivacySuppressed","PrivacySuppressed","PrivacySuppressed","PrivacySuppressed","PrivacySuppressed","PrivacySuppressed","PrivacySuppressed","PrivacySuppressed","PrivacySuppressed","PrivacySuppressed","PrivacySuppressed","PrivacySuppressed","PrivacySuppressed","PrivacySuppressed","PrivacySuppressed","PrivacySuppressed","PrivacySuppressed","PrivacySuppressed","PrivacySuppressed","PrivacySuppressed","PrivacySuppressed","PrivacySuppressed","PrivacySuppressed","PrivacySuppressed","PrivacySuppressed","PrivacySuppressed","PrivacySuppressed","PrivacySuppressed","PrivacySuppressed","PrivacySuppressed","PrivacySuppressed"
"174066","003969","University of Minnesota-Twin Cities","Public","1","0999","Communication, Journalism, and Related Programs, Other.","6","Doctoral Degree","9","2","PrivacySuppressed","PrivacySuppressed","PrivacySuppressed","PrivacySuppressed","PrivacySuppressed","PrivacySuppressed","PrivacySuppressed","PrivacySuppressed","PrivacySuppressed","PrivacySuppressed","PrivacySuppressed","PrivacySuppressed","PrivacySuppressed","PrivacySuppressed","PrivacySuppressed","PrivacySuppressed","PrivacySuppressed","PrivacySuppressed","PrivacySuppressed","PrivacySuppressed","PrivacySuppressed","PrivacySuppressed","PrivacySuppressed","PrivacySuppressed","PrivacySuppressed","PrivacySuppressed","PrivacySuppressed","PrivacySuppressed","PrivacySuppressed","PrivacySuppressed","PrivacySuppressed","PrivacySuppressed","PrivacySuppressed","PrivacySuppressed","PrivacySuppressed","PrivacySuppressed","PrivacySuppressed","PrivacySuppressed","PrivacySuppressed","PrivacySuppressed","PrivacySuppressed","PrivacySuppressed","PrivacySuppressed","PrivacySuppressed","PrivacySuppressed","PrivacySuppressed","PrivacySuppressed","PrivacySuppressed","PrivacySuppressed","PrivacySuppressed","PrivacySuppressed","PrivacySuppressed","PrivacySuppressed","PrivacySuppressed","PrivacySuppressed","PrivacySuppressed","PrivacySuppressed","PrivacySuppressed","PrivacySuppressed","PrivacySuppressed","PrivacySuppressed","PrivacySuppressed","PrivacySuppressed","PrivacySuppressed","PrivacySuppressed","PrivacySuppressed","PrivacySuppressed","PrivacySuppressed","PrivacySuppressed","PrivacySuppressed","PrivacySuppressed","PrivacySuppressed"
"174066","003969","University of Minnesota-Twin Cities","Public","1","0999","Communication, Journalism, and Related Programs, Other.","8","Graduate/Professional Certificate","8","7","PrivacySuppressed","PrivacySuppressed","PrivacySuppressed","PrivacySuppressed","PrivacySuppressed","PrivacySuppressed","PrivacySuppressed","PrivacySuppressed","PrivacySuppressed","PrivacySuppressed","PrivacySuppressed","PrivacySuppressed","PrivacySuppressed","PrivacySuppressed","PrivacySuppressed","PrivacySuppressed","PrivacySuppressed","PrivacySuppressed","PrivacySuppressed","PrivacySuppressed","PrivacySuppressed","PrivacySuppressed","PrivacySuppressed","PrivacySuppressed","PrivacySuppressed","PrivacySuppressed","PrivacySuppressed","PrivacySuppressed","PrivacySuppressed","PrivacySuppressed","PrivacySuppressed","PrivacySuppressed","PrivacySuppressed","PrivacySuppressed","PrivacySuppressed","PrivacySuppressed","PrivacySuppressed","PrivacySuppressed","PrivacySuppressed","PrivacySuppressed","PrivacySuppressed","PrivacySuppressed","PrivacySuppressed","PrivacySuppressed","PrivacySuppressed","PrivacySuppressed","PrivacySuppressed","PrivacySuppressed","PrivacySuppressed","PrivacySuppressed","PrivacySuppressed","PrivacySuppressed","PrivacySuppressed","PrivacySuppressed","PrivacySuppressed","PrivacySuppressed","PrivacySuppressed","PrivacySuppressed","PrivacySuppressed","PrivacySuppressed","PrivacySuppressed","PrivacySuppressed","PrivacySuppressed","PrivacySuppressed","PrivacySuppressed","PrivacySuppressed","PrivacySuppressed","PrivacySuppressed","PrivacySuppressed","PrivacySuppressed","PrivacySuppressed","PrivacySuppressed"
"174066","003969","University of Minnesota-Twin Cities","Public","1","1101","Computer and Information Sciences, General.","4","Post-baccalaureate Certificate","NULL","NULL","PrivacySuppressed","PrivacySuppressed","PrivacySuppressed","PrivacySuppressed","PrivacySuppressed","PrivacySuppressed","PrivacySuppressed","PrivacySuppressed","PrivacySuppressed","PrivacySuppressed","PrivacySuppressed","PrivacySuppressed","PrivacySuppressed","PrivacySuppressed","PrivacySuppressed","PrivacySuppressed","PrivacySuppressed","PrivacySuppressed","PrivacySuppressed","PrivacySuppressed","PrivacySuppressed","PrivacySuppressed","PrivacySuppressed","PrivacySuppressed","PrivacySuppressed","PrivacySuppressed","PrivacySuppressed","PrivacySuppressed","PrivacySuppressed","PrivacySuppressed","PrivacySuppressed","PrivacySuppressed","PrivacySuppressed","PrivacySuppressed","PrivacySuppressed","PrivacySuppressed","PrivacySuppressed","PrivacySuppressed","PrivacySuppressed","PrivacySuppressed","PrivacySuppressed","PrivacySuppressed","PrivacySuppressed","PrivacySuppressed","PrivacySuppressed","PrivacySuppressed","PrivacySuppressed","PrivacySuppressed","PrivacySuppressed","PrivacySuppressed","PrivacySuppressed","PrivacySuppressed","PrivacySuppressed","PrivacySuppressed","PrivacySuppressed","PrivacySuppressed","PrivacySuppressed","PrivacySuppressed","PrivacySuppressed","PrivacySuppressed","PrivacySuppressed","PrivacySuppressed","PrivacySuppressed","PrivacySuppressed","PrivacySuppressed","PrivacySuppressed","PrivacySuppressed","PrivacySuppressed","PrivacySuppressed","PrivacySuppressed","PrivacySuppressed","PrivacySuppressed"
"174066","003969","University of Minnesota-Twin Cities","Public","1","1101","Computer and Information Sciences, General.","5","Master's Degree","4","5","PrivacySuppressed","PrivacySuppressed","PrivacySuppressed","PrivacySuppressed","PrivacySuppressed","PrivacySuppressed","PrivacySuppressed","PrivacySuppressed","PrivacySuppressed","PrivacySuppressed","PrivacySuppressed","PrivacySuppressed","PrivacySuppressed","PrivacySuppressed","PrivacySuppressed","PrivacySuppressed","PrivacySuppressed","PrivacySuppressed","PrivacySuppressed","PrivacySuppressed","PrivacySuppressed","PrivacySuppressed","PrivacySuppressed","PrivacySuppressed","PrivacySuppressed","PrivacySuppressed","PrivacySuppressed","PrivacySuppressed","PrivacySuppressed","PrivacySuppressed","PrivacySuppressed","PrivacySuppressed","PrivacySuppressed","PrivacySuppressed","PrivacySuppressed","PrivacySuppressed","PrivacySuppressed","PrivacySuppressed","PrivacySuppressed","PrivacySuppressed","PrivacySuppressed","PrivacySuppressed","PrivacySuppressed","PrivacySuppressed","PrivacySuppressed","PrivacySuppressed","PrivacySuppressed","PrivacySuppressed","PrivacySuppressed","PrivacySuppressed","PrivacySuppressed","PrivacySuppressed","PrivacySuppressed","PrivacySuppressed","PrivacySuppressed","PrivacySuppressed","PrivacySuppressed","PrivacySuppressed","PrivacySuppressed","PrivacySuppressed","PrivacySuppressed","PrivacySuppressed","PrivacySuppressed","PrivacySuppressed","PrivacySuppressed","PrivacySuppressed","PrivacySuppressed","PrivacySuppressed","PrivacySuppressed","PrivacySuppressed","PrivacySuppressed","PrivacySuppressed"
"174066","003969","University of Minnesota-Twin Cities","Public","1","1101","Computer and Information Sciences, General.","8","Graduate/Professional Certificate","2","7","PrivacySuppressed","PrivacySuppressed","PrivacySuppressed","PrivacySuppressed","PrivacySuppressed","PrivacySuppressed","PrivacySuppressed","PrivacySuppressed","PrivacySuppressed","PrivacySuppressed","PrivacySuppressed","PrivacySuppressed","PrivacySuppressed","PrivacySuppressed","PrivacySuppressed","PrivacySuppressed","PrivacySuppressed","PrivacySuppressed","PrivacySuppressed","PrivacySuppressed","PrivacySuppressed","PrivacySuppressed","PrivacySuppressed","PrivacySuppressed","PrivacySuppressed","PrivacySuppressed","PrivacySuppressed","PrivacySuppressed","PrivacySuppressed","PrivacySuppressed","PrivacySuppressed","PrivacySuppressed","PrivacySuppressed","PrivacySuppressed","PrivacySuppressed","PrivacySuppressed","PrivacySuppressed","PrivacySuppressed","PrivacySuppressed","PrivacySuppressed","PrivacySuppressed","PrivacySuppressed","PrivacySuppressed","PrivacySuppressed","PrivacySuppressed","PrivacySuppressed","PrivacySuppressed","PrivacySuppressed","PrivacySuppressed","PrivacySuppressed","PrivacySuppressed","PrivacySuppressed","PrivacySuppressed","PrivacySuppressed","PrivacySuppressed","PrivacySuppressed","PrivacySuppressed","PrivacySuppressed","PrivacySuppressed","PrivacySuppressed","PrivacySuppressed","PrivacySuppressed","PrivacySuppressed","PrivacySuppressed","PrivacySuppressed","PrivacySuppressed","PrivacySuppressed","PrivacySuppressed","PrivacySuppressed","PrivacySuppressed","PrivacySuppressed","PrivacySuppressed"
"174066","003969","University of Minnesota-Twin Cities","Public","1","1104","Information Science/Studies.","5","Master's Degree","5","13","PrivacySuppressed","PrivacySuppressed","PrivacySuppressed","PrivacySuppressed","PrivacySuppressed","PrivacySuppressed","PrivacySuppressed","PrivacySuppressed","PrivacySuppressed","PrivacySuppressed","PrivacySuppressed","PrivacySuppressed","PrivacySuppressed","PrivacySuppressed","PrivacySuppressed","PrivacySuppressed","PrivacySuppressed","PrivacySuppressed","PrivacySuppressed","PrivacySuppressed","PrivacySuppressed","PrivacySuppressed","PrivacySuppressed","PrivacySuppressed","PrivacySuppressed","PrivacySuppressed","PrivacySuppressed","PrivacySuppressed","PrivacySuppressed","PrivacySuppressed","PrivacySuppressed","PrivacySuppressed","PrivacySuppressed","PrivacySuppressed","PrivacySuppressed","PrivacySuppressed","PrivacySuppressed","PrivacySuppressed","PrivacySuppressed","PrivacySuppressed","PrivacySuppressed","PrivacySuppressed","PrivacySuppressed","PrivacySuppressed","PrivacySuppressed","PrivacySuppressed","PrivacySuppressed","PrivacySuppressed","PrivacySuppressed","PrivacySuppressed","PrivacySuppressed","PrivacySuppressed","PrivacySuppressed","PrivacySuppressed","PrivacySuppressed","PrivacySuppressed","PrivacySuppressed","PrivacySuppressed","PrivacySuppressed","PrivacySuppressed","PrivacySuppressed","PrivacySuppressed","PrivacySuppressed","PrivacySuppressed","PrivacySuppressed","PrivacySuppressed","PrivacySuppressed","PrivacySuppressed","PrivacySuppressed","PrivacySuppressed","PrivacySuppressed","PrivacySuppressed"
"174066","003969","University of Minnesota-Twin Cities","Public","1","1105","Computer Systems Analysis.","3","Bachelors Degree","102","119","104","19411","20500","103","18623","20281","30","PrivacySuppressed","26979","30","PrivacySuppressed","26979","76","20369","22413","75","19300","20854","PrivacySuppressed","PrivacySuppressed","PrivacySuppressed","PrivacySuppressed","PrivacySuppressed","PrivacySuppressed","28","PrivacySuppressed","18462","28","PrivacySuppressed","18462","PrivacySuppressed","PrivacySuppressed","PrivacySuppressed","PrivacySuppressed","PrivacySuppressed","PrivacySuppressed","33","PrivacySuppressed","21284","33","PrivacySuppressed","20854","PrivacySuppressed","PrivacySuppressed","PrivacySuppressed","PrivacySuppressed","PrivacySuppressed","PrivacySuppressed","71","18690","20281","70","18586","20281","PrivacySuppressed","PrivacySuppressed","PrivacySuppressed","PrivacySuppressed","PrivacySuppressed","PrivacySuppressed","290","290","196","194","2","119","120","70927","1","88","91","73446"
"174066","003969","University of Minnesota-Twin Cities","Public","1","1107","Computer Science.","1","Undergraduate Certificate or Diploma","0","0","PrivacySuppressed","PrivacySuppressed","PrivacySuppressed","PrivacySuppressed","PrivacySuppressed","PrivacySuppressed","PrivacySuppressed","PrivacySuppressed","PrivacySuppressed","PrivacySuppressed","PrivacySuppressed","PrivacySuppressed","PrivacySuppressed","PrivacySuppressed","PrivacySuppressed","PrivacySuppressed","PrivacySuppressed","PrivacySuppressed","PrivacySuppressed","PrivacySuppressed","PrivacySuppressed","PrivacySuppressed","PrivacySuppressed","PrivacySuppressed","PrivacySuppressed","PrivacySuppressed","PrivacySuppressed","PrivacySuppressed","PrivacySuppressed","PrivacySuppressed","PrivacySuppressed","PrivacySuppressed","PrivacySuppressed","PrivacySuppressed","PrivacySuppressed","PrivacySuppressed","PrivacySuppressed","PrivacySuppressed","PrivacySuppressed","PrivacySuppressed","PrivacySuppressed","PrivacySuppressed","PrivacySuppressed","PrivacySuppressed","PrivacySuppressed","PrivacySuppressed","PrivacySuppressed","PrivacySuppressed","PrivacySuppressed","PrivacySuppressed","PrivacySuppressed","PrivacySuppressed","PrivacySuppressed","PrivacySuppressed","PrivacySuppressed","PrivacySuppressed","PrivacySuppressed","PrivacySuppressed","PrivacySuppressed","PrivacySuppressed","PrivacySuppressed","PrivacySuppressed","PrivacySuppressed","PrivacySuppressed","PrivacySuppressed","PrivacySuppressed","PrivacySuppressed","PrivacySuppressed","PrivacySuppressed","PrivacySuppressed","PrivacySuppressed","PrivacySuppressed"
"174066","003969","University of Minnesota-Twin Cities","Public","1","1107","Computer Science.","3","Bachelors Degree","345","349","316","20785","20500","311","18445","19404","85","23037","16548","83","22007","15329","284","20356","20229","279","18034","18750","75","22356","PrivacySuppressed","PrivacySuppressed","PrivacySuppressed","PrivacySuppressed","32","PrivacySuppressed","26000","32","PrivacySuppressed","24488","10","28145","PrivacySuppressed","PrivacySuppressed","PrivacySuppressed","PrivacySuppressed","139","21698","18750","135","17720","17710","24","15303","13012","22","15065","10185","177","20067","21500","176","19000","20500","61","PrivacySuppressed","21198","61","PrivacySuppressed","18800","178","165","196","185","10","305","316","70324","8","227","239","72286"
"174066","003969","University of Minnesota-Twin Cities","Public","1","1107","Computer Science.","5","Master's Degree","89","55","PrivacySuppressed","PrivacySuppressed","PrivacySuppressed","PrivacySuppressed","PrivacySuppressed","PrivacySuppressed","PrivacySuppressed","PrivacySuppressed","PrivacySuppressed","PrivacySuppressed","PrivacySuppressed","PrivacySuppressed","PrivacySuppressed","PrivacySuppressed","PrivacySuppressed","PrivacySuppressed","PrivacySuppressed","PrivacySuppressed","PrivacySuppressed","PrivacySuppressed","PrivacySuppressed","PrivacySuppressed","PrivacySuppressed","PrivacySuppressed","PrivacySuppressed","PrivacySuppressed","PrivacySuppressed","PrivacySuppressed","PrivacySuppressed","PrivacySuppressed","PrivacySuppressed","PrivacySuppressed","PrivacySuppressed","PrivacySuppressed","PrivacySuppressed","PrivacySuppressed","PrivacySuppressed","PrivacySuppressed","PrivacySuppressed","PrivacySuppressed","PrivacySuppressed","PrivacySuppressed","PrivacySuppressed","PrivacySuppressed","PrivacySuppressed","PrivacySuppressed","PrivacySuppressed","PrivacySuppressed","PrivacySuppressed","PrivacySuppressed","PrivacySuppressed","PrivacySuppressed","PrivacySuppressed","PrivacySuppressed","PrivacySuppressed","PrivacySuppressed","PrivacySuppressed","PrivacySuppressed","PrivacySuppressed","PrivacySuppressed","PrivacySuppressed","PrivacySuppressed","PrivacySuppressed","PrivacySuppressed","PrivacySuppressed","PrivacySuppressed","PrivacySuppressed","PrivacySuppressed","PrivacySuppressed","PrivacySuppressed","PrivacySuppressed","PrivacySuppressed"
"174066","003969","University of Minnesota-Twin Cities","Public","1","1107","Computer Science.","6","Doctoral Degree","29","24","PrivacySuppressed","PrivacySuppressed","PrivacySuppressed","PrivacySuppressed","PrivacySuppressed","PrivacySuppressed","PrivacySuppressed","PrivacySuppressed","PrivacySuppressed","PrivacySuppressed","PrivacySuppressed","PrivacySuppressed","PrivacySuppressed","PrivacySuppressed","PrivacySuppressed","PrivacySuppressed","PrivacySuppressed","PrivacySuppressed","PrivacySuppressed","PrivacySuppressed","PrivacySuppressed","PrivacySuppressed","PrivacySuppressed","PrivacySuppressed","PrivacySuppressed","PrivacySuppressed","PrivacySuppressed","PrivacySuppressed","PrivacySuppressed","PrivacySuppressed","PrivacySuppressed","PrivacySuppressed","PrivacySuppressed","PrivacySuppressed","PrivacySuppressed","PrivacySuppressed","PrivacySuppressed","PrivacySuppressed","PrivacySuppressed","PrivacySuppressed","PrivacySuppressed","PrivacySuppressed","PrivacySuppressed","PrivacySuppressed","PrivacySuppressed","PrivacySuppressed","PrivacySuppressed","PrivacySuppressed","PrivacySuppressed","PrivacySuppressed","PrivacySuppressed","PrivacySuppressed","PrivacySuppressed","PrivacySuppressed","PrivacySuppressed","PrivacySuppressed","PrivacySuppressed","PrivacySuppressed","PrivacySuppressed","PrivacySuppressed","PrivacySuppressed","PrivacySuppressed","PrivacySuppressed","PrivacySuppressed","PrivacySuppressed","PrivacySuppressed","PrivacySuppressed","PrivacySuppressed","PrivacySuppressed","PrivacySuppressed","PrivacySuppressed","PrivacySuppressed"
"174066","003969","University of Minnesota-Twin Cities","Public","1","1109","Computer Systems Networking and Telecommunications.","1","Undergraduate Certificate or Diploma","8","0","PrivacySuppressed","PrivacySuppressed","PrivacySuppressed","PrivacySuppressed","PrivacySuppressed","PrivacySuppressed","PrivacySuppressed","PrivacySuppressed","PrivacySuppressed","PrivacySuppressed","PrivacySuppressed","PrivacySuppressed","PrivacySuppressed","PrivacySuppressed","PrivacySuppressed","PrivacySuppressed","PrivacySuppressed","PrivacySuppressed","PrivacySuppressed","PrivacySuppressed","PrivacySuppressed","PrivacySuppressed","PrivacySuppressed","PrivacySuppressed","PrivacySuppressed","PrivacySuppressed","PrivacySuppressed","PrivacySuppressed","PrivacySuppressed","PrivacySuppressed","PrivacySuppressed","PrivacySuppressed","PrivacySuppressed","PrivacySuppressed","PrivacySuppressed","PrivacySuppressed","PrivacySuppressed","PrivacySuppressed","PrivacySuppressed","PrivacySuppressed","PrivacySuppressed","PrivacySuppressed","PrivacySuppressed","PrivacySuppressed","PrivacySuppressed","PrivacySuppressed","PrivacySuppressed","PrivacySuppressed","PrivacySuppressed","PrivacySuppressed","PrivacySuppressed","PrivacySuppressed","PrivacySuppressed","PrivacySuppressed","PrivacySuppressed","PrivacySuppressed","PrivacySuppressed","PrivacySuppressed","PrivacySuppressed","PrivacySuppressed","PrivacySuppressed","PrivacySuppressed","PrivacySuppressed","PrivacySuppressed","PrivacySuppressed","PrivacySuppressed","PrivacySuppressed","PrivacySuppressed","PrivacySuppressed","PrivacySuppressed","PrivacySuppressed","PrivacySuppressed"
"174066","003969","University of Minnesota-Twin Cities","Public","1","1109","Computer Systems Networking and Telecommunications.","3","Bachelors Degree","29","24","42","PrivacySuppressed","26000","42","PrivacySuppressed","19600","11","38593","PrivacySuppressed","10","39853","PrivacySuppressed","PrivacySuppressed","PrivacySuppressed","PrivacySuppressed","PrivacySuppressed","PrivacySuppressed","PrivacySuppressed","PrivacySuppressed","PrivacySuppressed","PrivacySuppressed","PrivacySuppressed","PrivacySuppressed","PrivacySuppressed","PrivacySuppressed","PrivacySuppressed","PrivacySuppressed","PrivacySuppressed","PrivacySuppressed","PrivacySuppressed","PrivacySuppressed","PrivacySuppressed","PrivacySuppressed","PrivacySuppressed","PrivacySuppressed","PrivacySuppressed","29","PrivacySuppressed","PrivacySuppressed","29","PrivacySuppressed","PrivacySuppressed","PrivacySuppressed","PrivacySuppressed","PrivacySuppressed","PrivacySuppressed","PrivacySuppressed","PrivacySuppressed","13","PrivacySuppressed","PrivacySuppressed","13","PrivacySuppressed","PrivacySuppressed","PrivacySuppressed","PrivacySuppressed","PrivacySuppressed","PrivacySuppressed","PrivacySuppressed","PrivacySuppressed","PrivacySuppressed","PrivacySuppressed","248","187","0","35","35","66029","0","21","22","60433"
"174066","003969","University of Minnesota-Twin Cities","Public","1","1110","Computer/Information Technology Administration and Management.","8","Graduate/Professional Certificate","NULL","NULL","PrivacySuppressed","PrivacySuppressed","PrivacySuppressed","PrivacySuppressed","PrivacySuppressed","PrivacySuppressed","PrivacySuppressed","PrivacySuppressed","PrivacySuppressed","PrivacySuppressed","PrivacySuppressed","PrivacySuppressed","PrivacySuppressed","PrivacySuppressed","PrivacySuppressed","PrivacySuppressed","PrivacySuppressed","PrivacySuppressed","PrivacySuppressed","PrivacySuppressed","PrivacySuppressed","PrivacySuppressed","PrivacySuppressed","PrivacySuppressed","PrivacySuppressed","PrivacySuppressed","PrivacySuppressed","PrivacySuppressed","PrivacySuppressed","PrivacySuppressed","PrivacySuppressed","PrivacySuppressed","PrivacySuppressed","PrivacySuppressed","PrivacySuppressed","PrivacySuppressed","PrivacySuppressed","PrivacySuppressed","PrivacySuppressed","PrivacySuppressed","PrivacySuppressed","PrivacySuppressed","PrivacySuppressed","PrivacySuppressed","PrivacySuppressed","PrivacySuppressed","PrivacySuppressed","PrivacySuppressed","PrivacySuppressed","PrivacySuppressed","PrivacySuppressed","PrivacySuppressed","PrivacySuppressed","PrivacySuppressed","PrivacySuppressed","PrivacySuppressed","PrivacySuppressed","PrivacySuppressed","PrivacySuppressed","PrivacySuppressed","PrivacySuppressed","PrivacySuppressed","PrivacySuppressed","PrivacySuppressed","PrivacySuppressed","PrivacySuppressed","PrivacySuppressed","PrivacySuppressed","PrivacySuppressed","PrivacySuppressed","PrivacySuppressed","PrivacySuppressed"
"174066","003969","University of Minnesota-Twin Cities","Public","1","1203","Funeral Service and Mortuary Science.","3","Bachelors Degree","22","30","41","23591","19617","37","15676","14000","13","25378","PrivacySuppressed","11","25687","PrivacySuppressed","14","23163","PrivacySuppressed","11","14286","PrivacySuppressed","PrivacySuppressed","PrivacySuppressed","PrivacySuppressed","PrivacySuppressed","PrivacySuppressed","PrivacySuppressed","27","23813","PrivacySuppressed","26","16264","PrivacySuppressed","PrivacySuppressed","PrivacySuppressed","PrivacySuppressed","PrivacySuppressed","PrivacySuppressed","PrivacySuppressed","19","26467","20750","18","15987","PrivacySuppressed","PrivacySuppressed","PrivacySuppressed","PrivacySuppressed","PrivacySuppressed","PrivacySuppressed","PrivacySuppressed","22","21107","19500","19","15381","PrivacySuppressed","PrivacySuppressed","PrivacySuppressed","PrivacySuppressed","PrivacySuppressed","PrivacySuppressed","PrivacySuppressed","PrivacySuppressed","PrivacySuppressed","187","134","0","40","41","50439","1","37","39","44244"
"174066","003969","University of Minnesota-Twin Cities","Public","1","1301","Education, General.","3","Bachelors Degree","NULL","NULL","PrivacySuppressed","17621","18207","PrivacySuppressed","17189","18207","PrivacySuppressed","28027","12690","PrivacySuppressed","29235","20641","PrivacySuppressed","16910","17750","PrivacySuppressed","17198","18500","PrivacySuppressed","PrivacySuppressed","PrivacySuppressed","PrivacySuppressed","PrivacySuppressed","PrivacySuppressed","PrivacySuppressed","PrivacySuppressed","19500","PrivacySuppressed","PrivacySuppressed","18207","PrivacySuppressed","PrivacySuppressed","PrivacySuppressed","PrivacySuppressed","PrivacySuppressed","PrivacySuppressed","PrivacySuppressed","16519","16100","PrivacySuppressed","15654","16100","PrivacySuppressed","16925","PrivacySuppressed","PrivacySuppressed","18330","PrivacySuppressed","PrivacySuppressed","18746","19500","PrivacySuppressed","18756","19500","PrivacySuppressed","PrivacySuppressed","PrivacySuppressed","PrivacySuppressed","PrivacySuppressed","PrivacySuppressed","136","222","174","174","PrivacySuppressed","PrivacySuppressed","PrivacySuppressed","PrivacySuppressed","PrivacySuppressed","PrivacySuppressed","PrivacySuppressed","PrivacySuppressed"
"174066","003969","University of Minnesota-Twin Cities","Public","1","1301","Education, General.","6","Doctoral Degree","1","0","PrivacySuppressed","PrivacySuppressed","PrivacySuppressed","PrivacySuppressed","PrivacySuppressed","PrivacySuppressed","PrivacySuppressed","PrivacySuppressed","PrivacySuppressed","PrivacySuppressed","PrivacySuppressed","PrivacySuppressed","PrivacySuppressed","PrivacySuppressed","PrivacySuppressed","PrivacySuppressed","PrivacySuppressed","PrivacySuppressed","PrivacySuppressed","PrivacySuppressed","PrivacySuppressed","PrivacySuppressed","PrivacySuppressed","PrivacySuppressed","PrivacySuppressed","PrivacySuppressed","PrivacySuppressed","PrivacySuppressed","PrivacySuppressed","PrivacySuppressed","PrivacySuppressed","PrivacySuppressed","PrivacySuppressed","PrivacySuppressed","PrivacySuppressed","PrivacySuppressed","PrivacySuppressed","PrivacySuppressed","PrivacySuppressed","PrivacySuppressed","PrivacySuppressed","PrivacySuppressed","PrivacySuppressed","PrivacySuppressed","PrivacySuppressed","PrivacySuppressed","PrivacySuppressed","PrivacySuppressed","PrivacySuppressed","PrivacySuppressed","PrivacySuppressed","PrivacySuppressed","PrivacySuppressed","PrivacySuppressed","PrivacySuppressed","PrivacySuppressed","PrivacySuppressed","PrivacySuppressed","PrivacySuppressed","PrivacySuppressed","PrivacySuppressed","PrivacySuppressed","PrivacySuppressed","PrivacySuppressed","PrivacySuppressed","PrivacySuppressed","PrivacySuppressed","PrivacySuppressed","PrivacySuppressed","PrivacySuppressed","PrivacySuppressed","PrivacySuppressed"
"174066","003969","University of Minnesota-Twin Cities","Public","1","1302","Bilingual, Multilingual, and Multicultural Education.","4","Post-baccalaureate Certificate","NULL","NULL","PrivacySuppressed","PrivacySuppressed","PrivacySuppressed","PrivacySuppressed","PrivacySuppressed","PrivacySuppressed","PrivacySuppressed","PrivacySuppressed","PrivacySuppressed","PrivacySuppressed","PrivacySuppressed","PrivacySuppressed","PrivacySuppressed","PrivacySuppressed","PrivacySuppressed","PrivacySuppressed","PrivacySuppressed","PrivacySuppressed","PrivacySuppressed","PrivacySuppressed","PrivacySuppressed","PrivacySuppressed","PrivacySuppressed","PrivacySuppressed","PrivacySuppressed","PrivacySuppressed","PrivacySuppressed","PrivacySuppressed","PrivacySuppressed","PrivacySuppressed","PrivacySuppressed","PrivacySuppressed","PrivacySuppressed","PrivacySuppressed","PrivacySuppressed","PrivacySuppressed","PrivacySuppressed","PrivacySuppressed","PrivacySuppressed","PrivacySuppressed","PrivacySuppressed","PrivacySuppressed","PrivacySuppressed","PrivacySuppressed","PrivacySuppressed","PrivacySuppressed","PrivacySuppressed","PrivacySuppressed","PrivacySuppressed","PrivacySuppressed","PrivacySuppressed","PrivacySuppressed","PrivacySuppressed","PrivacySuppressed","PrivacySuppressed","PrivacySuppressed","PrivacySuppressed","PrivacySuppressed","PrivacySuppressed","PrivacySuppressed","PrivacySuppressed","PrivacySuppressed","PrivacySuppressed","PrivacySuppressed","PrivacySuppressed","PrivacySuppressed","PrivacySuppressed","PrivacySuppressed","PrivacySuppressed","PrivacySuppressed","PrivacySuppressed","PrivacySuppressed"
"174066","003969","University of Minnesota-Twin Cities","Public","1","1302","Bilingual, Multilingual, and Multicultural Education.","8","Graduate/Professional Certificate","26","23","PrivacySuppressed","PrivacySuppressed","PrivacySuppressed","PrivacySuppressed","PrivacySuppressed","PrivacySuppressed","PrivacySuppressed","PrivacySuppressed","PrivacySuppressed","PrivacySuppressed","PrivacySuppressed","PrivacySuppressed","PrivacySuppressed","PrivacySuppressed","PrivacySuppressed","PrivacySuppressed","PrivacySuppressed","PrivacySuppressed","PrivacySuppressed","PrivacySuppressed","PrivacySuppressed","PrivacySuppressed","PrivacySuppressed","PrivacySuppressed","PrivacySuppressed","PrivacySuppressed","PrivacySuppressed","PrivacySuppressed","PrivacySuppressed","PrivacySuppressed","PrivacySuppressed","PrivacySuppressed","PrivacySuppressed","PrivacySuppressed","PrivacySuppressed","PrivacySuppressed","PrivacySuppressed","PrivacySuppressed","PrivacySuppressed","PrivacySuppressed","PrivacySuppressed","PrivacySuppressed","PrivacySuppressed","PrivacySuppressed","PrivacySuppressed","PrivacySuppressed","PrivacySuppressed","PrivacySuppressed","PrivacySuppressed","PrivacySuppressed","PrivacySuppressed","PrivacySuppressed","PrivacySuppressed","PrivacySuppressed","PrivacySuppressed","PrivacySuppressed","PrivacySuppressed","PrivacySuppressed","PrivacySuppressed","PrivacySuppressed","PrivacySuppressed","PrivacySuppressed","PrivacySuppressed","PrivacySuppressed","PrivacySuppressed","PrivacySuppressed","PrivacySuppressed","PrivacySuppressed","PrivacySuppressed","PrivacySuppressed","PrivacySuppressed","PrivacySuppressed"
"174066","003969","University of Minnesota-Twin Cities","Public","1","1303","Curriculum and Instruction.","5","Master's Degree","62","31","PrivacySuppressed","PrivacySuppressed","PrivacySuppressed","13","21886","PrivacySuppressed","PrivacySuppressed","PrivacySuppressed","PrivacySuppressed","PrivacySuppressed","PrivacySuppressed","PrivacySuppressed","PrivacySuppressed","PrivacySuppressed","PrivacySuppressed","PrivacySuppressed","PrivacySuppressed","PrivacySuppressed","PrivacySuppressed","PrivacySuppressed","PrivacySuppressed","PrivacySuppressed","PrivacySuppressed","PrivacySuppressed","PrivacySuppressed","PrivacySuppressed","PrivacySuppressed","PrivacySuppressed","PrivacySuppressed","PrivacySuppressed","PrivacySuppressed","PrivacySuppressed","PrivacySuppressed","PrivacySuppressed","PrivacySuppressed","PrivacySuppressed","PrivacySuppressed","PrivacySuppressed","PrivacySuppressed","PrivacySuppressed","PrivacySuppressed","PrivacySuppressed","PrivacySuppressed","PrivacySuppressed","PrivacySuppressed","PrivacySuppressed","PrivacySuppressed","PrivacySuppressed","PrivacySuppressed","PrivacySuppressed","PrivacySuppressed","PrivacySuppressed","PrivacySuppressed","PrivacySuppressed","PrivacySuppressed","PrivacySuppressed","PrivacySuppressed","PrivacySuppressed","PrivacySuppressed","PrivacySuppressed","PrivacySuppressed","PrivacySuppressed","PrivacySuppressed","PrivacySuppressed","0","12","15","44942","PrivacySuppressed","PrivacySuppressed","PrivacySuppressed","PrivacySuppressed"
"174066","003969","University of Minnesota-Twin Cities","Public","1","1303","Curriculum and Instruction.","6","Doctoral Degree","36","22","PrivacySuppressed","PrivacySuppressed","PrivacySuppressed","12","72830","PrivacySuppressed","PrivacySuppressed","PrivacySuppressed","PrivacySuppressed","PrivacySuppressed","PrivacySuppressed","PrivacySuppressed","PrivacySuppressed","PrivacySuppressed","PrivacySuppressed","PrivacySuppressed","PrivacySuppressed","PrivacySuppressed","PrivacySuppressed","PrivacySuppressed","PrivacySuppressed","PrivacySuppressed","PrivacySuppressed","PrivacySuppressed","PrivacySuppressed","PrivacySuppressed","PrivacySuppressed","PrivacySuppressed","PrivacySuppressed","PrivacySuppressed","PrivacySuppressed","PrivacySuppressed","PrivacySuppressed","PrivacySuppressed","PrivacySuppressed","PrivacySuppressed","PrivacySuppressed","PrivacySuppressed","PrivacySuppressed","PrivacySuppressed","PrivacySuppressed","PrivacySuppressed","PrivacySuppressed","PrivacySuppressed","PrivacySuppressed","PrivacySuppressed","PrivacySuppressed","PrivacySuppressed","PrivacySuppressed","PrivacySuppressed","PrivacySuppressed","PrivacySuppressed","PrivacySuppressed","PrivacySuppressed","PrivacySuppressed","PrivacySuppressed","PrivacySuppressed","PrivacySuppressed","PrivacySuppressed","PrivacySuppressed","PrivacySuppressed","PrivacySuppressed","PrivacySuppressed","PrivacySuppressed","2","11","12","60839","PrivacySuppressed","PrivacySuppressed","PrivacySuppressed","PrivacySuppressed"
"174066","003969","University of Minnesota-Twin Cities","Public","1","1304","Educational Administration and Supervision.","4","Post-baccalaureate Certificate","NULL","NULL","PrivacySuppressed","18861","PrivacySuppressed","PrivacySuppressed","PrivacySuppressed","PrivacySuppressed","PrivacySuppressed","PrivacySuppressed","PrivacySuppressed","PrivacySuppressed","PrivacySuppressed","PrivacySuppressed","PrivacySuppressed","PrivacySuppressed","PrivacySuppressed","PrivacySuppressed","PrivacySuppressed","PrivacySuppressed","PrivacySuppressed","PrivacySuppressed","PrivacySuppressed","PrivacySuppressed","PrivacySuppressed","PrivacySuppressed","PrivacySuppressed","PrivacySuppressed","PrivacySuppressed","PrivacySuppressed","PrivacySuppressed","PrivacySuppressed","PrivacySuppressed","PrivacySuppressed","PrivacySuppressed","PrivacySuppressed","PrivacySuppressed","PrivacySuppressed","PrivacySuppressed","PrivacySuppressed","PrivacySuppressed","PrivacySuppressed","PrivacySuppressed","PrivacySuppressed","PrivacySuppressed","PrivacySuppressed","PrivacySuppressed","PrivacySuppressed","PrivacySuppressed","PrivacySuppressed","PrivacySuppressed","PrivacySuppressed","PrivacySuppressed","PrivacySuppressed","PrivacySuppressed","PrivacySuppressed","PrivacySuppressed","PrivacySuppressed","PrivacySuppressed","PrivacySuppressed","PrivacySuppressed","PrivacySuppressed","PrivacySuppressed","PrivacySuppressed","PrivacySuppressed","PrivacySuppressed","PrivacySuppressed","PrivacySuppressed","PrivacySuppressed","PrivacySuppressed","PrivacySuppressed","PrivacySuppressed","PrivacySuppressed","PrivacySuppressed"
"174066","003969","University of Minnesota-Twin Cities","Public","1","1304","Educational Administration and Supervision.","5","Master's Degree","1","0","PrivacySuppressed","PrivacySuppressed","PrivacySuppressed","PrivacySuppressed","PrivacySuppressed","PrivacySuppressed","PrivacySuppressed","PrivacySuppressed","PrivacySuppressed","PrivacySuppressed","PrivacySuppressed","PrivacySuppressed","PrivacySuppressed","PrivacySuppressed","PrivacySuppressed","PrivacySuppressed","PrivacySuppressed","PrivacySuppressed","PrivacySuppressed","PrivacySuppressed","PrivacySuppressed","PrivacySuppressed","PrivacySuppressed","PrivacySuppressed","PrivacySuppressed","PrivacySuppressed","PrivacySuppressed","PrivacySuppressed","PrivacySuppressed","PrivacySuppressed","PrivacySuppressed","PrivacySuppressed","PrivacySuppressed","PrivacySuppressed","PrivacySuppressed","PrivacySuppressed","PrivacySuppressed","PrivacySuppressed","PrivacySuppressed","PrivacySuppressed","PrivacySuppressed","PrivacySuppressed","PrivacySuppressed","PrivacySuppressed","PrivacySuppressed","PrivacySuppressed","PrivacySuppressed","PrivacySuppressed","PrivacySuppressed","PrivacySuppressed","PrivacySuppressed","PrivacySuppressed","PrivacySuppressed","PrivacySuppressed","PrivacySuppressed","PrivacySuppressed","PrivacySuppressed","PrivacySuppressed","PrivacySuppressed","PrivacySuppressed","PrivacySuppressed","PrivacySuppressed","PrivacySuppressed","PrivacySuppressed","PrivacySuppressed","PrivacySuppressed","PrivacySuppressed","PrivacySuppressed","PrivacySuppressed","PrivacySuppressed","PrivacySuppressed","PrivacySuppressed"
"174066","003969","University of Minnesota-Twin Cities","Public","1","1304","Educational Administration and Supervision.","6","Doctoral Degree","28","26","PrivacySuppressed","PrivacySuppressed","PrivacySuppressed","18","79730","PrivacySuppressed","PrivacySuppressed","PrivacySuppressed","PrivacySuppressed","PrivacySuppressed","PrivacySuppressed","PrivacySuppressed","PrivacySuppressed","PrivacySuppressed","PrivacySuppressed","PrivacySuppressed","PrivacySuppressed","PrivacySuppressed","PrivacySuppressed","PrivacySuppressed","PrivacySuppressed","PrivacySuppressed","PrivacySuppressed","PrivacySuppressed","PrivacySuppressed","PrivacySuppressed","PrivacySuppressed","PrivacySuppressed","PrivacySuppressed","PrivacySuppressed","PrivacySuppressed","PrivacySuppressed","PrivacySuppressed","PrivacySuppressed","PrivacySuppressed","PrivacySuppressed","PrivacySuppressed","PrivacySuppressed","PrivacySuppressed","PrivacySuppressed","PrivacySuppressed","PrivacySuppressed","PrivacySuppressed","PrivacySuppressed","PrivacySuppressed","PrivacySuppressed","PrivacySuppressed","PrivacySuppressed","PrivacySuppressed","PrivacySuppressed","PrivacySuppressed","PrivacySuppressed","PrivacySuppressed","PrivacySuppressed","PrivacySuppressed","PrivacySuppressed","PrivacySuppressed","PrivacySuppressed","PrivacySuppressed","PrivacySuppressed","PrivacySuppressed","PrivacySuppressed","PrivacySuppressed","PrivacySuppressed","0","10","11","76460","PrivacySuppressed","PrivacySuppressed","PrivacySuppressed","PrivacySuppressed"
"174066","003969","University of Minnesota-Twin Cities","Public","1","1304","Educational Administration and Supervision.","7","First Professional Degree","1","2","PrivacySuppressed","PrivacySuppressed","PrivacySuppressed","PrivacySuppressed","PrivacySuppressed","PrivacySuppressed","PrivacySuppressed","PrivacySuppressed","PrivacySuppressed","PrivacySuppressed","PrivacySuppressed","PrivacySuppressed","PrivacySuppressed","PrivacySuppressed","PrivacySuppressed","PrivacySuppressed","PrivacySuppressed","PrivacySuppressed","PrivacySuppressed","PrivacySuppressed","PrivacySuppressed","PrivacySuppressed","PrivacySuppressed","PrivacySuppressed","PrivacySuppressed","PrivacySuppressed","PrivacySuppressed","PrivacySuppressed","PrivacySuppressed","PrivacySuppressed","PrivacySuppressed","PrivacySuppressed","PrivacySuppressed","PrivacySuppressed","PrivacySuppressed","PrivacySuppressed","PrivacySuppressed","PrivacySuppressed","PrivacySuppressed","PrivacySuppressed","PrivacySuppressed","PrivacySuppressed","PrivacySuppressed","PrivacySuppressed","PrivacySuppressed","PrivacySuppressed","PrivacySuppressed","PrivacySuppressed","PrivacySuppressed","PrivacySuppressed","PrivacySuppressed","PrivacySuppressed","PrivacySuppressed","PrivacySuppressed","PrivacySuppressed","PrivacySuppressed","PrivacySuppressed","PrivacySuppressed","PrivacySuppressed","PrivacySuppressed","PrivacySuppressed","PrivacySuppressed","PrivacySuppressed","PrivacySuppressed","PrivacySuppressed","PrivacySuppressed","PrivacySuppressed","PrivacySuppressed","PrivacySuppressed","PrivacySuppressed","PrivacySuppressed","PrivacySuppressed"
"174066","003969","University of Minnesota-Twin Cities","Public","1","1304","Educational Administration and Supervision.","8","Graduate/Professional Certificate","32","48","PrivacySuppressed","PrivacySuppressed","PrivacySuppressed","PrivacySuppressed","PrivacySuppressed","PrivacySuppressed","PrivacySuppressed","PrivacySuppressed","PrivacySuppressed","PrivacySuppressed","PrivacySuppressed","PrivacySuppressed","PrivacySuppressed","PrivacySuppressed","PrivacySuppressed","PrivacySuppressed","PrivacySuppressed","PrivacySuppressed","PrivacySuppressed","PrivacySuppressed","PrivacySuppressed","PrivacySuppressed","PrivacySuppressed","PrivacySuppressed","PrivacySuppressed","PrivacySuppressed","PrivacySuppressed","PrivacySuppressed","PrivacySuppressed","PrivacySuppressed","PrivacySuppressed","PrivacySuppressed","PrivacySuppressed","PrivacySuppressed","PrivacySuppressed","PrivacySuppressed","PrivacySuppressed","PrivacySuppressed","PrivacySuppressed","PrivacySuppressed","PrivacySuppressed","PrivacySuppressed","PrivacySuppressed","PrivacySuppressed","PrivacySuppressed","PrivacySuppressed","PrivacySuppressed","PrivacySuppressed","PrivacySuppressed","PrivacySuppressed","PrivacySuppressed","PrivacySuppressed","PrivacySuppressed","PrivacySuppressed","PrivacySuppressed","PrivacySuppressed","PrivacySuppressed","PrivacySuppressed","PrivacySuppressed","PrivacySuppressed","PrivacySuppressed","PrivacySuppressed","PrivacySuppressed","PrivacySuppressed","PrivacySuppressed","PrivacySuppressed","PrivacySuppressed","PrivacySuppressed","PrivacySuppressed","PrivacySuppressed","PrivacySuppressed","PrivacySuppressed"
"174066","003969","University of Minnesota-Twin Cities","Public","1","1305","Educational/Instructional Media Design.","1","Undergraduate Certificate or Diploma","0","0","PrivacySuppressed","PrivacySuppressed","PrivacySuppressed","PrivacySuppressed","PrivacySuppressed","PrivacySuppressed","PrivacySuppressed","PrivacySuppressed","PrivacySuppressed","PrivacySuppressed","PrivacySuppressed","PrivacySuppressed","PrivacySuppressed","PrivacySuppressed","PrivacySuppressed","PrivacySuppressed","PrivacySuppressed","PrivacySuppressed","PrivacySuppressed","PrivacySuppressed","PrivacySuppressed","PrivacySuppressed","PrivacySuppressed","PrivacySuppressed","PrivacySuppressed","PrivacySuppressed","PrivacySuppressed","PrivacySuppressed","PrivacySuppressed","PrivacySuppressed","PrivacySuppressed","PrivacySuppressed","PrivacySuppressed","PrivacySuppressed","PrivacySuppressed","PrivacySuppressed","PrivacySuppressed","PrivacySuppressed","PrivacySuppressed","PrivacySuppressed","PrivacySuppressed","PrivacySuppressed","PrivacySuppressed","PrivacySuppressed","PrivacySuppressed","PrivacySuppressed","PrivacySuppressed","PrivacySuppressed","PrivacySuppressed","PrivacySuppressed","PrivacySuppressed","PrivacySuppressed","PrivacySuppressed","PrivacySuppressed","PrivacySuppressed","PrivacySuppressed","PrivacySuppressed","PrivacySuppressed","PrivacySuppressed","PrivacySuppressed","PrivacySuppressed","PrivacySuppressed","PrivacySuppressed","PrivacySuppressed","PrivacySuppressed","PrivacySuppressed","PrivacySuppressed","PrivacySuppressed","PrivacySuppressed","PrivacySuppressed","PrivacySuppressed","PrivacySuppressed"
"174066","003969","University of Minnesota-Twin Cities","Public","1","1305","Educational/Instructional Media Design.","4","Post-baccalaureate Certificate","NULL","NULL","PrivacySuppressed","PrivacySuppressed","PrivacySuppressed","PrivacySuppressed","PrivacySuppressed","PrivacySuppressed","PrivacySuppressed","PrivacySuppressed","PrivacySuppressed","PrivacySuppressed","PrivacySuppressed","PrivacySuppressed","PrivacySuppressed","PrivacySuppressed","PrivacySuppressed","PrivacySuppressed","PrivacySuppressed","PrivacySuppressed","PrivacySuppressed","PrivacySuppressed","PrivacySuppressed","PrivacySuppressed","PrivacySuppressed","PrivacySuppressed","PrivacySuppressed","PrivacySuppressed","PrivacySuppressed","PrivacySuppressed","PrivacySuppressed","PrivacySuppressed","PrivacySuppressed","PrivacySuppressed","PrivacySuppressed","PrivacySuppressed","PrivacySuppressed","PrivacySuppressed","PrivacySuppressed","PrivacySuppressed","PrivacySuppressed","PrivacySuppressed","PrivacySuppressed","PrivacySuppressed","PrivacySuppressed","PrivacySuppressed","PrivacySuppressed","PrivacySuppressed","PrivacySuppressed","PrivacySuppressed","PrivacySuppressed","PrivacySuppressed","PrivacySuppressed","PrivacySuppressed","PrivacySuppressed","PrivacySuppressed","PrivacySuppressed","PrivacySuppressed","PrivacySuppressed","PrivacySuppressed","PrivacySuppressed","PrivacySuppressed","PrivacySuppressed","PrivacySuppressed","PrivacySuppressed","PrivacySuppressed","PrivacySuppressed","PrivacySuppressed","PrivacySuppressed","PrivacySuppressed","PrivacySuppressed","PrivacySuppressed","PrivacySuppressed","PrivacySuppressed"
"174066","003969","University of Minnesota-Twin Cities","Public","1","1305","Educational/Instructional Media Design.","8","Graduate/Professional Certificate","3","2","PrivacySuppressed","PrivacySuppressed","PrivacySuppressed","PrivacySuppressed","PrivacySuppressed","PrivacySuppressed","PrivacySuppressed","PrivacySuppressed","PrivacySuppressed","PrivacySuppressed","PrivacySuppressed","PrivacySuppressed","PrivacySuppressed","PrivacySuppressed","PrivacySuppressed","PrivacySuppressed","PrivacySuppressed","PrivacySuppressed","PrivacySuppressed","PrivacySuppressed","PrivacySuppressed","PrivacySuppressed","PrivacySuppressed","PrivacySuppressed","PrivacySuppressed","PrivacySuppressed","PrivacySuppressed","PrivacySuppressed","PrivacySuppressed","PrivacySuppressed","PrivacySuppressed","PrivacySuppressed","PrivacySuppressed","PrivacySuppressed","PrivacySuppressed","PrivacySuppressed","PrivacySuppressed","PrivacySuppressed","PrivacySuppressed","PrivacySuppressed","PrivacySuppressed","PrivacySuppressed","PrivacySuppressed","PrivacySuppressed","PrivacySuppressed","PrivacySuppressed","PrivacySuppressed","PrivacySuppressed","PrivacySuppressed","PrivacySuppressed","PrivacySuppressed","PrivacySuppressed","PrivacySuppressed","PrivacySuppressed","PrivacySuppressed","PrivacySuppressed","PrivacySuppressed","PrivacySuppressed","PrivacySuppressed","PrivacySuppressed","PrivacySuppressed","PrivacySuppressed","PrivacySuppressed","PrivacySuppressed","PrivacySuppressed","PrivacySuppressed","PrivacySuppressed","PrivacySuppressed","PrivacySuppressed","PrivacySuppressed","PrivacySuppressed","PrivacySuppressed"
"174066","003969","University of Minnesota-Twin Cities","Public","1","1306","Educational Assessment, Evaluation, and Research.","4","Post-baccalaureate Certificate","NULL","NULL","PrivacySuppressed","PrivacySuppressed","PrivacySuppressed","PrivacySuppressed","PrivacySuppressed","PrivacySuppressed","PrivacySuppressed","PrivacySuppressed","PrivacySuppressed","PrivacySuppressed","PrivacySuppressed","PrivacySuppressed","PrivacySuppressed","PrivacySuppressed","PrivacySuppressed","PrivacySuppressed","PrivacySuppressed","PrivacySuppressed","PrivacySuppressed","PrivacySuppressed","PrivacySuppressed","PrivacySuppressed","PrivacySuppressed","PrivacySuppressed","PrivacySuppressed","PrivacySuppressed","PrivacySuppressed","PrivacySuppressed","PrivacySuppressed","PrivacySuppressed","PrivacySuppressed","PrivacySuppressed","PrivacySuppressed","PrivacySuppressed","PrivacySuppressed","PrivacySuppressed","PrivacySuppressed","PrivacySuppressed","PrivacySuppressed","PrivacySuppressed","PrivacySuppressed","PrivacySuppressed","PrivacySuppressed","PrivacySuppressed","PrivacySuppressed","PrivacySuppressed","PrivacySuppressed","PrivacySuppressed","PrivacySuppressed","PrivacySuppressed","PrivacySuppressed","PrivacySuppressed","PrivacySuppressed","PrivacySuppressed","PrivacySuppressed","PrivacySuppressed","PrivacySuppressed","PrivacySuppressed","PrivacySuppressed","PrivacySuppressed","PrivacySuppressed","PrivacySuppressed","PrivacySuppressed","PrivacySuppressed","PrivacySuppressed","PrivacySuppressed","PrivacySuppressed","PrivacySuppressed","PrivacySuppressed","PrivacySuppressed","PrivacySuppressed","PrivacySuppressed"
"174066","003969","University of Minnesota-Twin Cities","Public","1","1306","Educational Assessment, Evaluation, and Research.","8","Graduate/Professional Certificate","6","4","PrivacySuppressed","PrivacySuppressed","PrivacySuppressed","PrivacySuppressed","PrivacySuppressed","PrivacySuppressed","PrivacySuppressed","PrivacySuppressed","PrivacySuppressed","PrivacySuppressed","PrivacySuppressed","PrivacySuppressed","PrivacySuppressed","PrivacySuppressed","PrivacySuppressed","PrivacySuppressed","PrivacySuppressed","PrivacySuppressed","PrivacySuppressed","PrivacySuppressed","PrivacySuppressed","PrivacySuppressed","PrivacySuppressed","PrivacySuppressed","PrivacySuppressed","PrivacySuppressed","PrivacySuppressed","PrivacySuppressed","PrivacySuppressed","PrivacySuppressed","PrivacySuppressed","PrivacySuppressed","PrivacySuppressed","PrivacySuppressed","PrivacySuppressed","PrivacySuppressed","PrivacySuppressed","PrivacySuppressed","PrivacySuppressed","PrivacySuppressed","PrivacySuppressed","PrivacySuppressed","PrivacySuppressed","PrivacySuppressed","PrivacySuppressed","PrivacySuppressed","PrivacySuppressed","PrivacySuppressed","PrivacySuppressed","PrivacySuppressed","PrivacySuppressed","PrivacySuppressed","PrivacySuppressed","PrivacySuppressed","PrivacySuppressed","PrivacySuppressed","PrivacySuppressed","PrivacySuppressed","PrivacySuppressed","PrivacySuppressed","PrivacySuppressed","PrivacySuppressed","PrivacySuppressed","PrivacySuppressed","PrivacySuppressed","PrivacySuppressed","PrivacySuppressed","PrivacySuppressed","PrivacySuppressed","PrivacySuppressed","PrivacySuppressed","PrivacySuppressed"
"174066","003969","University of Minnesota-Twin Cities","Public","1","1310","Special Education and Teaching.","1","Undergraduate Certificate or Diploma","2","0","PrivacySuppressed","PrivacySuppressed","PrivacySuppressed","PrivacySuppressed","PrivacySuppressed","PrivacySuppressed","PrivacySuppressed","PrivacySuppressed","PrivacySuppressed","PrivacySuppressed","PrivacySuppressed","PrivacySuppressed","PrivacySuppressed","PrivacySuppressed","PrivacySuppressed","PrivacySuppressed","PrivacySuppressed","PrivacySuppressed","PrivacySuppressed","PrivacySuppressed","PrivacySuppressed","PrivacySuppressed","PrivacySuppressed","PrivacySuppressed","PrivacySuppressed","PrivacySuppressed","PrivacySuppressed","PrivacySuppressed","PrivacySuppressed","PrivacySuppressed","PrivacySuppressed","PrivacySuppressed","PrivacySuppressed","PrivacySuppressed","PrivacySuppressed","PrivacySuppressed","PrivacySuppressed","PrivacySuppressed","PrivacySuppressed","PrivacySuppressed","PrivacySuppressed","PrivacySuppressed","PrivacySuppressed","PrivacySuppressed","PrivacySuppressed","PrivacySuppressed","PrivacySuppressed","PrivacySuppressed","PrivacySuppressed","PrivacySuppressed","PrivacySuppressed","PrivacySuppressed","PrivacySuppressed","PrivacySuppressed","PrivacySuppressed","PrivacySuppressed","PrivacySuppressed","PrivacySuppressed","PrivacySuppressed","PrivacySuppressed","PrivacySuppressed","PrivacySuppressed","PrivacySuppressed","PrivacySuppressed","PrivacySuppressed","PrivacySuppressed","PrivacySuppressed","PrivacySuppressed","PrivacySuppressed","PrivacySuppressed","PrivacySuppressed","PrivacySuppressed"
"174066","003969","University of Minnesota-Twin Cities","Public","1","1310","Special Education and Teaching.","3","Bachelors Degree","12","19","20","PrivacySuppressed","22250","20","PrivacySuppressed","19500","PrivacySuppressed","PrivacySuppressed","PrivacySuppressed","PrivacySuppressed","PrivacySuppressed","PrivacySuppressed","PrivacySuppressed","PrivacySuppressed","PrivacySuppressed","PrivacySuppressed","PrivacySuppressed","PrivacySuppressed","PrivacySuppressed","PrivacySuppressed","PrivacySuppressed","PrivacySuppressed","PrivacySuppressed","PrivacySuppressed","PrivacySuppressed","PrivacySuppressed","PrivacySuppressed","PrivacySuppressed","PrivacySuppressed","PrivacySuppressed","PrivacySuppressed","PrivacySuppressed","PrivacySuppressed","PrivacySuppressed","PrivacySuppressed","PrivacySuppressed","PrivacySuppressed","PrivacySuppressed","PrivacySuppressed","PrivacySuppressed","PrivacySuppressed","PrivacySuppressed","PrivacySuppressed","PrivacySuppressed","PrivacySuppressed","PrivacySuppressed","PrivacySuppressed","PrivacySuppressed","PrivacySuppressed","PrivacySuppressed","PrivacySuppressed","PrivacySuppressed","PrivacySuppressed","PrivacySuppressed","PrivacySuppressed","PrivacySuppressed","PrivacySuppressed","PrivacySuppressed","PrivacySuppressed","PrivacySuppressed","PrivacySuppressed","PrivacySuppressed","212","186","PrivacySuppressed","PrivacySuppressed","PrivacySuppressed","PrivacySuppressed","PrivacySuppressed","PrivacySuppressed","PrivacySuppressed","PrivacySuppressed"
"174066","003969","University of Minnesota-Twin Cities","Public","1","1310","Special Education and Teaching.","4","Post-baccalaureate Certificate","NULL","NULL","PrivacySuppressed","15740","PrivacySuppressed","PrivacySuppressed","PrivacySuppressed","PrivacySuppressed","PrivacySuppressed","PrivacySuppressed","PrivacySuppressed","PrivacySuppressed","PrivacySuppressed","PrivacySuppressed","PrivacySuppressed","PrivacySuppressed","PrivacySuppressed","PrivacySuppressed","PrivacySuppressed","PrivacySuppressed","PrivacySuppressed","PrivacySuppressed","PrivacySuppressed","PrivacySuppressed","PrivacySuppressed","PrivacySuppressed","PrivacySuppressed","PrivacySuppressed","PrivacySuppressed","PrivacySuppressed","PrivacySuppressed","PrivacySuppressed","PrivacySuppressed","PrivacySuppressed","PrivacySuppressed","PrivacySuppressed","PrivacySuppressed","PrivacySuppressed","PrivacySuppressed","PrivacySuppressed","PrivacySuppressed","PrivacySuppressed","PrivacySuppressed","PrivacySuppressed","PrivacySuppressed","PrivacySuppressed","PrivacySuppressed","PrivacySuppressed","PrivacySuppressed","PrivacySuppressed","PrivacySuppressed","PrivacySuppressed","PrivacySuppressed","PrivacySuppressed","PrivacySuppressed","PrivacySuppressed","PrivacySuppressed","PrivacySuppressed","PrivacySuppressed","PrivacySuppressed","PrivacySuppressed","PrivacySuppressed","PrivacySuppressed","PrivacySuppressed","PrivacySuppressed","PrivacySuppressed","PrivacySuppressed","PrivacySuppressed","PrivacySuppressed","PrivacySuppressed","PrivacySuppressed","PrivacySuppressed","PrivacySuppressed","PrivacySuppressed"
"174066","003969","University of Minnesota-Twin Cities","Public","1","1310","Special Education and Teaching.","5","Master's Degree","43","43","PrivacySuppressed","PrivacySuppressed","PrivacySuppressed","45","39815","41082","PrivacySuppressed","PrivacySuppressed","PrivacySuppressed","PrivacySuppressed","PrivacySuppressed","PrivacySuppressed","PrivacySuppressed","PrivacySuppressed","PrivacySuppressed","PrivacySuppressed","PrivacySuppressed","PrivacySuppressed","PrivacySuppressed","PrivacySuppressed","PrivacySuppressed","PrivacySuppressed","PrivacySuppressed","PrivacySuppressed","PrivacySuppressed","PrivacySuppressed","PrivacySuppressed","PrivacySuppressed","PrivacySuppressed","PrivacySuppressed","PrivacySuppressed","PrivacySuppressed","PrivacySuppressed","PrivacySuppressed","PrivacySuppressed","PrivacySuppressed","PrivacySuppressed","PrivacySuppressed","PrivacySuppressed","15","42358","PrivacySuppressed","PrivacySuppressed","PrivacySuppressed","PrivacySuppressed","PrivacySuppressed","PrivacySuppressed","PrivacySuppressed","PrivacySuppressed","PrivacySuppressed","PrivacySuppressed","30","38544","PrivacySuppressed","PrivacySuppressed","PrivacySuppressed","PrivacySuppressed","PrivacySuppressed","PrivacySuppressed","PrivacySuppressed","PrivacySuppressed","PrivacySuppressed","PrivacySuppressed","422","0","27","27","49750","0","12","12","52107"
"174066","003969","University of Minnesota-Twin Cities","Public","1","1310","Special Education and Teaching.","8","Graduate/Professional Certificate","19","23","PrivacySuppressed","PrivacySuppressed","PrivacySuppressed","PrivacySuppressed","PrivacySuppressed","PrivacySuppressed","PrivacySuppressed","PrivacySuppressed","PrivacySuppressed","PrivacySuppressed","PrivacySuppressed","PrivacySuppressed","PrivacySuppressed","PrivacySuppressed","PrivacySuppressed","PrivacySuppressed","PrivacySuppressed","PrivacySuppressed","PrivacySuppressed","PrivacySuppressed","PrivacySuppressed","PrivacySuppressed","PrivacySuppressed","PrivacySuppressed","PrivacySuppressed","PrivacySuppressed","PrivacySuppressed","PrivacySuppressed","PrivacySuppressed","PrivacySuppressed","PrivacySuppressed","PrivacySuppressed","PrivacySuppressed","PrivacySuppressed","PrivacySuppressed","PrivacySuppressed","PrivacySuppressed","PrivacySuppressed","PrivacySuppressed","PrivacySuppressed","PrivacySuppressed","PrivacySuppressed","PrivacySuppressed","PrivacySuppressed","PrivacySuppressed","PrivacySuppressed","PrivacySuppressed","PrivacySuppressed","PrivacySuppressed","PrivacySuppressed","PrivacySuppressed","PrivacySuppressed","PrivacySuppressed","PrivacySuppressed","PrivacySuppressed","PrivacySuppressed","PrivacySuppressed","PrivacySuppressed","PrivacySuppressed","PrivacySuppressed","PrivacySuppressed","PrivacySuppressed","PrivacySuppressed","PrivacySuppressed","PrivacySuppressed","PrivacySuppressed","PrivacySuppressed","PrivacySuppressed","PrivacySuppressed","PrivacySuppressed","PrivacySuppressed","PrivacySuppressed"
"174066","003969","University of Minnesota-Twin Cities","Public","1","1312","Teacher Education and Professional Development, Specific Levels and Methods.","1","Undergraduate Certificate or Diploma","2","5","PrivacySuppressed","PrivacySuppressed","PrivacySuppressed","PrivacySuppressed","PrivacySuppressed","PrivacySuppressed","PrivacySuppressed","PrivacySuppressed","PrivacySuppressed","PrivacySuppressed","PrivacySuppressed","PrivacySuppressed","PrivacySuppressed","PrivacySuppressed","PrivacySuppressed","PrivacySuppressed","PrivacySuppressed","PrivacySuppressed","PrivacySuppressed","PrivacySuppressed","PrivacySuppressed","PrivacySuppressed","PrivacySuppressed","PrivacySuppressed","PrivacySuppressed","PrivacySuppressed","PrivacySuppressed","PrivacySuppressed","PrivacySuppressed","PrivacySuppressed","PrivacySuppressed","PrivacySuppressed","PrivacySuppressed","PrivacySuppressed","PrivacySuppressed","PrivacySuppressed","PrivacySuppressed","PrivacySuppressed","PrivacySuppressed","PrivacySuppressed","PrivacySuppressed","PrivacySuppressed","PrivacySuppressed","PrivacySuppressed","PrivacySuppressed","PrivacySuppressed","PrivacySuppressed","PrivacySuppressed","PrivacySuppressed","PrivacySuppressed","PrivacySuppressed","PrivacySuppressed","PrivacySuppressed","PrivacySuppressed","PrivacySuppressed","PrivacySuppressed","PrivacySuppressed","PrivacySuppressed","PrivacySuppressed","PrivacySuppressed","PrivacySuppressed","PrivacySuppressed","PrivacySuppressed","PrivacySuppressed","PrivacySuppressed","PrivacySuppressed","PrivacySuppressed","PrivacySuppressed","PrivacySuppressed","PrivacySuppressed","PrivacySuppressed","PrivacySuppressed"
"174066","003969","University of Minnesota-Twin Cities","Public","1","1312","Teacher Education and Professional Development, Specific Levels and Methods.","3","Bachelors Degree","113","104","142","20870","23250","141","18374","20250","41","35209","24000","38","35983","25201","13","PrivacySuppressed","PrivacySuppressed","13","PrivacySuppressed","PrivacySuppressed","PrivacySuppressed","PrivacySuppressed","PrivacySuppressed","PrivacySuppressed","PrivacySuppressed","PrivacySuppressed","129","20899","PrivacySuppressed","128","18466","PrivacySuppressed","PrivacySuppressed","PrivacySuppressed","PrivacySuppressed","PrivacySuppressed","PrivacySuppressed","PrivacySuppressed","64","PrivacySuppressed","21500","64","PrivacySuppressed","18500","12","19784","PrivacySuppressed","11","20006","PrivacySuppressed","78","20844","24439","77","19210","22120","29","41592","PrivacySuppressed","27","42492","PrivacySuppressed","258","271","222","193","2","26","27","33637","3","87","98","41342"
"174066","003969","University of Minnesota-Twin Cities","Public","1","1312","Teacher Education and Professional Development, Specific Levels and Methods.","4","Post-baccalaureate Certificate","NULL","NULL","PrivacySuppressed","PrivacySuppressed","PrivacySuppressed","PrivacySuppressed","PrivacySuppressed","PrivacySuppressed","PrivacySuppressed","PrivacySuppressed","PrivacySuppressed","PrivacySuppressed","PrivacySuppressed","PrivacySuppressed","PrivacySuppressed","PrivacySuppressed","PrivacySuppressed","PrivacySuppressed","PrivacySuppressed","PrivacySuppressed","PrivacySuppressed","PrivacySuppressed","PrivacySuppressed","PrivacySuppressed","PrivacySuppressed","PrivacySuppressed","PrivacySuppressed","PrivacySuppressed","PrivacySuppressed","PrivacySuppressed","PrivacySuppressed","PrivacySuppressed","PrivacySuppressed","PrivacySuppressed","PrivacySuppressed","PrivacySuppressed","PrivacySuppressed","PrivacySuppressed","PrivacySuppressed","PrivacySuppressed","PrivacySuppressed","PrivacySuppressed","PrivacySuppressed","PrivacySuppressed","PrivacySuppressed","PrivacySuppressed","PrivacySuppressed","PrivacySuppressed","PrivacySuppressed","PrivacySuppressed","PrivacySuppressed","PrivacySuppressed","PrivacySuppressed","PrivacySuppressed","PrivacySuppressed","PrivacySuppressed","PrivacySuppressed","PrivacySuppressed","PrivacySuppressed","PrivacySuppressed","PrivacySuppressed","PrivacySuppressed","PrivacySuppressed","PrivacySuppressed","PrivacySuppressed","PrivacySuppressed","PrivacySuppressed","PrivacySuppressed","PrivacySuppressed","PrivacySuppressed","PrivacySuppressed","PrivacySuppressed","PrivacySuppressed","PrivacySuppressed"
"174066","003969","University of Minnesota-Twin Cities","Public","1","1312","Teacher Education and Professional Development, Specific Levels and Methods.","5","Master's Degree","328","303","PrivacySuppressed","PrivacySuppressed","PrivacySuppressed","251","25155","21853","PrivacySuppressed","PrivacySuppressed","PrivacySuppressed","PrivacySuppressed","PrivacySuppressed","PrivacySuppressed","PrivacySuppressed","PrivacySuppressed","PrivacySuppressed","48","28952","27352","PrivacySuppressed","PrivacySuppressed","PrivacySuppressed","PrivacySuppressed","PrivacySuppressed","PrivacySuppressed","PrivacySuppressed","PrivacySuppressed","PrivacySuppressed","203","24257","20500","PrivacySuppressed","PrivacySuppressed","PrivacySuppressed","PrivacySuppressed","PrivacySuppressed","PrivacySuppressed","PrivacySuppressed","PrivacySuppressed","PrivacySuppressed","99","27663","24190","PrivacySuppressed","PrivacySuppressed","PrivacySuppressed","PrivacySuppressed","PrivacySuppressed","PrivacySuppressed","PrivacySuppressed","PrivacySuppressed","PrivacySuppressed","152","23522","20500","PrivacySuppressed","PrivacySuppressed","PrivacySuppressed","PrivacySuppressed","PrivacySuppressed","PrivacySuppressed","PrivacySuppressed","PrivacySuppressed","PrivacySuppressed","224","4","166","180","46254","3","46","49","45816"
"174066","003969","University of Minnesota-Twin Cities","Public","1","1312","Teacher Education and Professional Development, Specific Levels and Methods.","8","Graduate/Professional Certificate","7","7","PrivacySuppressed","PrivacySuppressed","PrivacySuppressed","PrivacySuppressed","PrivacySuppressed","PrivacySuppressed","PrivacySuppressed","PrivacySuppressed","PrivacySuppressed","PrivacySuppressed","PrivacySuppressed","PrivacySuppressed","PrivacySuppressed","PrivacySuppressed","PrivacySuppressed","PrivacySuppressed","PrivacySuppressed","PrivacySuppressed","PrivacySuppressed","PrivacySuppressed","PrivacySuppressed","PrivacySuppressed","PrivacySuppressed","PrivacySuppressed","PrivacySuppressed","PrivacySuppressed","PrivacySuppressed","PrivacySuppressed","PrivacySuppressed","PrivacySuppressed","PrivacySuppressed","PrivacySuppressed","PrivacySuppressed","PrivacySuppressed","PrivacySuppressed","PrivacySuppressed","PrivacySuppressed","PrivacySuppressed","PrivacySuppressed","PrivacySuppressed","PrivacySuppressed","PrivacySuppressed","PrivacySuppressed","PrivacySuppressed","PrivacySuppressed","PrivacySuppressed","PrivacySuppressed","PrivacySuppressed","PrivacySuppressed","PrivacySuppressed","PrivacySuppressed","PrivacySuppressed","PrivacySuppressed","PrivacySuppressed","PrivacySuppressed","PrivacySuppressed","PrivacySuppressed","PrivacySuppressed","PrivacySuppressed","PrivacySuppressed","PrivacySuppressed","PrivacySuppressed","PrivacySuppressed","PrivacySuppressed","PrivacySuppressed","PrivacySuppressed","PrivacySuppressed","PrivacySuppressed","PrivacySuppressed","PrivacySuppressed","PrivacySuppressed","PrivacySuppressed"
"174066","003969","University of Minnesota-Twin Cities","Public","1","1313","Teacher Education and Professional Development, Specific Subject Areas.","1","Undergraduate Certificate or Diploma","6","7","PrivacySuppressed","PrivacySuppressed","PrivacySuppressed","PrivacySuppressed","PrivacySuppressed","PrivacySuppressed","PrivacySuppressed","PrivacySuppressed","PrivacySuppressed","PrivacySuppressed","PrivacySuppressed","PrivacySuppressed","PrivacySuppressed","PrivacySuppressed","PrivacySuppressed","PrivacySuppressed","PrivacySuppressed","PrivacySuppressed","PrivacySuppressed","PrivacySuppressed","PrivacySuppressed","PrivacySuppressed","PrivacySuppressed","PrivacySuppressed","PrivacySuppressed","PrivacySuppressed","PrivacySuppressed","PrivacySuppressed","PrivacySuppressed","PrivacySuppressed","PrivacySuppressed","PrivacySuppressed","PrivacySuppressed","PrivacySuppressed","PrivacySuppressed","PrivacySuppressed","PrivacySuppressed","PrivacySuppressed","PrivacySuppressed","PrivacySuppressed","PrivacySuppressed","PrivacySuppressed","PrivacySuppressed","PrivacySuppressed","PrivacySuppressed","PrivacySuppressed","PrivacySuppressed","PrivacySuppressed","PrivacySuppressed","PrivacySuppressed","PrivacySuppressed","PrivacySuppressed","PrivacySuppressed","PrivacySuppressed","PrivacySuppressed","PrivacySuppressed","PrivacySuppressed","PrivacySuppressed","PrivacySuppressed","PrivacySuppressed","PrivacySuppressed","PrivacySuppressed","PrivacySuppressed","PrivacySuppressed","PrivacySuppressed","PrivacySuppressed","PrivacySuppressed","PrivacySuppressed","PrivacySuppressed","PrivacySuppressed","PrivacySuppressed","PrivacySuppressed"
"174066","003969","University of Minnesota-Twin Cities","Public","1","1313","Teacher Education and Professional Development, Specific Subject Areas.","3","Bachelors Degree","24","16","36","PrivacySuppressed","22000","36","PrivacySuppressed","21500","10","29525","PrivacySuppressed","PrivacySuppressed","PrivacySuppressed","PrivacySuppressed","PrivacySuppressed","PrivacySuppressed","PrivacySuppressed","PrivacySuppressed","PrivacySuppressed","PrivacySuppressed","PrivacySuppressed","PrivacySuppressed","PrivacySuppressed","PrivacySuppressed","PrivacySuppressed","PrivacySuppressed","PrivacySuppressed","PrivacySuppressed","PrivacySuppressed","PrivacySuppressed","PrivacySuppressed","PrivacySuppressed","PrivacySuppressed","PrivacySuppressed","PrivacySuppressed","PrivacySuppressed","PrivacySuppressed","PrivacySuppressed","17","PrivacySuppressed","PrivacySuppressed","17","PrivacySuppressed","PrivacySuppressed","PrivacySuppressed","PrivacySuppressed","PrivacySuppressed","PrivacySuppressed","PrivacySuppressed","PrivacySuppressed","19","PrivacySuppressed","PrivacySuppressed","19","PrivacySuppressed","PrivacySuppressed","PrivacySuppressed","PrivacySuppressed","PrivacySuppressed","PrivacySuppressed","PrivacySuppressed","PrivacySuppressed","PrivacySuppressed","PrivacySuppressed","210","205","2","36","37","39909","2","34","38","39909"
"174066","003969","University of Minnesota-Twin Cities","Public","1","1313","Teacher Education and Professional Development, Specific Subject Areas.","4","Post-baccalaureate Certificate","NULL","NULL","PrivacySuppressed","PrivacySuppressed","PrivacySuppressed","PrivacySuppressed","PrivacySuppressed","PrivacySuppressed","PrivacySuppressed","PrivacySuppressed","PrivacySuppressed","PrivacySuppressed","PrivacySuppressed","PrivacySuppressed","PrivacySuppressed","PrivacySuppressed","PrivacySuppressed","PrivacySuppressed","PrivacySuppressed","PrivacySuppressed","PrivacySuppressed","PrivacySuppressed","PrivacySuppressed","PrivacySuppressed","PrivacySuppressed","PrivacySuppressed","PrivacySuppressed","PrivacySuppressed","PrivacySuppressed","PrivacySuppressed","PrivacySuppressed","PrivacySuppressed","PrivacySuppressed","PrivacySuppressed","PrivacySuppressed","PrivacySuppressed","PrivacySuppressed","PrivacySuppressed","PrivacySuppressed","PrivacySuppressed","PrivacySuppressed","PrivacySuppressed","PrivacySuppressed","PrivacySuppressed","PrivacySuppressed","PrivacySuppressed","PrivacySuppressed","PrivacySuppressed","PrivacySuppressed","PrivacySuppressed","PrivacySuppressed","PrivacySuppressed","PrivacySuppressed","PrivacySuppressed","PrivacySuppressed","PrivacySuppressed","PrivacySuppressed","PrivacySuppressed","PrivacySuppressed","PrivacySuppressed","PrivacySuppressed","PrivacySuppressed","PrivacySuppressed","PrivacySuppressed","PrivacySuppressed","PrivacySuppressed","PrivacySuppressed","PrivacySuppressed","PrivacySuppressed","PrivacySuppressed","PrivacySuppressed","PrivacySuppressed","PrivacySuppressed","PrivacySuppressed"
"174066","003969","University of Minnesota-Twin Cities","Public","1","1313","Teacher Education and Professional Development, Specific Subject Areas.","5","Master's Degree","70","44","PrivacySuppressed","PrivacySuppressed","PrivacySuppressed","35","34234","28106","PrivacySuppressed","PrivacySuppressed","PrivacySuppressed","PrivacySuppressed","PrivacySuppressed","PrivacySuppressed","PrivacySuppressed","PrivacySuppressed","PrivacySuppressed","10","35119","PrivacySuppressed","PrivacySuppressed","PrivacySuppressed","PrivacySuppressed","PrivacySuppressed","PrivacySuppressed","PrivacySuppressed","PrivacySuppressed","PrivacySuppressed","PrivacySuppressed","25","33880","PrivacySuppressed","PrivacySuppressed","PrivacySuppressed","PrivacySuppressed","PrivacySuppressed","PrivacySuppressed","PrivacySuppressed","PrivacySuppressed","PrivacySuppressed","PrivacySuppressed","22","37257","PrivacySuppressed","PrivacySuppressed","PrivacySuppressed","PrivacySuppressed","PrivacySuppressed","PrivacySuppressed","PrivacySuppressed","PrivacySuppressed","PrivacySuppressed","PrivacySuppressed","13","29117","PrivacySuppressed","PrivacySuppressed","PrivacySuppressed","PrivacySuppressed","PrivacySuppressed","PrivacySuppressed","PrivacySuppressed","PrivacySuppressed","PrivacySuppressed","PrivacySuppressed","289","1","26","26","45026","PrivacySuppressed","PrivacySuppressed","PrivacySuppressed","PrivacySuppressed"
"174066","003969","University of Minnesota-Twin Cities","Public","1","1313","Teacher Education and Professional Development, Specific Subject Areas.","6","Doctoral Degree","1","1","PrivacySuppressed","PrivacySuppressed","PrivacySuppressed","PrivacySuppressed","PrivacySuppressed","PrivacySuppressed","PrivacySuppressed","PrivacySuppressed","PrivacySuppressed","PrivacySuppressed","PrivacySuppressed","PrivacySuppressed","PrivacySuppressed","PrivacySuppressed","PrivacySuppressed","PrivacySuppressed","PrivacySuppressed","PrivacySuppressed","PrivacySuppressed","PrivacySuppressed","PrivacySuppressed","PrivacySuppressed","PrivacySuppressed","PrivacySuppressed","PrivacySuppressed","PrivacySuppressed","PrivacySuppressed","PrivacySuppressed","PrivacySuppressed","PrivacySuppressed","PrivacySuppressed","PrivacySuppressed","PrivacySuppressed","PrivacySuppressed","PrivacySuppressed","PrivacySuppressed","PrivacySuppressed","PrivacySuppressed","PrivacySuppressed","PrivacySuppressed","PrivacySuppressed","PrivacySuppressed","PrivacySuppressed","PrivacySuppressed","PrivacySuppressed","PrivacySuppressed","PrivacySuppressed","PrivacySuppressed","PrivacySuppressed","PrivacySuppressed","PrivacySuppressed","PrivacySuppressed","PrivacySuppressed","PrivacySuppressed","PrivacySuppressed","PrivacySuppressed","PrivacySuppressed","PrivacySuppressed","PrivacySuppressed","PrivacySuppressed","PrivacySuppressed","PrivacySuppressed","PrivacySuppressed","PrivacySuppressed","PrivacySuppressed","PrivacySuppressed","PrivacySuppressed","PrivacySuppressed","PrivacySuppressed","PrivacySuppressed","PrivacySuppressed","PrivacySuppressed"
"174066","003969","University of Minnesota-Twin Cities","Public","1","1313","Teacher Education and Professional Development, Specific Subject Areas.","7","First Professional Degree","1","0","PrivacySuppressed","PrivacySuppressed","PrivacySuppressed","PrivacySuppressed","PrivacySuppressed","PrivacySuppressed","PrivacySuppressed","PrivacySuppressed","PrivacySuppressed","PrivacySuppressed","PrivacySuppressed","PrivacySuppressed","PrivacySuppressed","PrivacySuppressed","PrivacySuppressed","PrivacySuppressed","PrivacySuppressed","PrivacySuppressed","PrivacySuppressed","PrivacySuppressed","PrivacySuppressed","PrivacySuppressed","PrivacySuppressed","PrivacySuppressed","PrivacySuppressed","PrivacySuppressed","PrivacySuppressed","PrivacySuppressed","PrivacySuppressed","PrivacySuppressed","PrivacySuppressed","PrivacySuppressed","PrivacySuppressed","PrivacySuppressed","PrivacySuppressed","PrivacySuppressed","PrivacySuppressed","PrivacySuppressed","PrivacySuppressed","PrivacySuppressed","PrivacySuppressed","PrivacySuppressed","PrivacySuppressed","PrivacySuppressed","PrivacySuppressed","PrivacySuppressed","PrivacySuppressed","PrivacySuppressed","PrivacySuppressed","PrivacySuppressed","PrivacySuppressed","PrivacySuppressed","PrivacySuppressed","PrivacySuppressed","PrivacySuppressed","PrivacySuppressed","PrivacySuppressed","PrivacySuppressed","PrivacySuppressed","PrivacySuppressed","PrivacySuppressed","PrivacySuppressed","PrivacySuppressed","PrivacySuppressed","PrivacySuppressed","PrivacySuppressed","PrivacySuppressed","PrivacySuppressed","PrivacySuppressed","PrivacySuppressed","PrivacySuppressed","PrivacySuppressed"
"174066","003969","University of Minnesota-Twin Cities","Public","1","1313","Teacher Education and Professional Development, Specific Subject Areas.","8","Graduate/Professional Certificate","1","2","PrivacySuppressed","PrivacySuppressed","PrivacySuppressed","PrivacySuppressed","PrivacySuppressed","PrivacySuppressed","PrivacySuppressed","PrivacySuppressed","PrivacySuppressed","PrivacySuppressed","PrivacySuppressed","PrivacySuppressed","PrivacySuppressed","PrivacySuppressed","PrivacySuppressed","PrivacySuppressed","PrivacySuppressed","PrivacySuppressed","PrivacySuppressed","PrivacySuppressed","PrivacySuppressed","PrivacySuppressed","PrivacySuppressed","PrivacySuppressed","PrivacySuppressed","PrivacySuppressed","PrivacySuppressed","PrivacySuppressed","PrivacySuppressed","PrivacySuppressed","PrivacySuppressed","PrivacySuppressed","PrivacySuppressed","PrivacySuppressed","PrivacySuppressed","PrivacySuppressed","PrivacySuppressed","PrivacySuppressed","PrivacySuppressed","PrivacySuppressed","PrivacySuppressed","PrivacySuppressed","PrivacySuppressed","PrivacySuppressed","PrivacySuppressed","PrivacySuppressed","PrivacySuppressed","PrivacySuppressed","PrivacySuppressed","PrivacySuppressed","PrivacySuppressed","PrivacySuppressed","PrivacySuppressed","PrivacySuppressed","PrivacySuppressed","PrivacySuppressed","PrivacySuppressed","PrivacySuppressed","PrivacySuppressed","PrivacySuppressed","PrivacySuppressed","PrivacySuppressed","PrivacySuppressed","PrivacySuppressed","PrivacySuppressed","PrivacySuppressed","PrivacySuppressed","PrivacySuppressed","PrivacySuppressed","PrivacySuppressed","PrivacySuppressed","PrivacySuppressed"
"174066","003969","University of Minnesota-Twin Cities","Public","1","1314","Teaching English or French as a Second or Foreign Language.","1","Undergraduate Certificate or Diploma","49","61","62","PrivacySuppressed","20431","62","PrivacySuppressed","18000","16","PrivacySuppressed","PrivacySuppressed","16","PrivacySuppressed","PrivacySuppressed","PrivacySuppressed","PrivacySuppressed","PrivacySuppressed","PrivacySuppressed","PrivacySuppressed","PrivacySuppressed","PrivacySuppressed","PrivacySuppressed","PrivacySuppressed","PrivacySuppressed","PrivacySuppressed","PrivacySuppressed","PrivacySuppressed","PrivacySuppressed","PrivacySuppressed","PrivacySuppressed","PrivacySuppressed","PrivacySuppressed","PrivacySuppressed","PrivacySuppressed","PrivacySuppressed","PrivacySuppressed","PrivacySuppressed","PrivacySuppressed","33","PrivacySuppressed","17500","33","PrivacySuppressed","16863","PrivacySuppressed","PrivacySuppressed","PrivacySuppressed","PrivacySuppressed","PrivacySuppressed","PrivacySuppressed","29","PrivacySuppressed","22250","29","PrivacySuppressed","19325","PrivacySuppressed","PrivacySuppressed","PrivacySuppressed","PrivacySuppressed","PrivacySuppressed","PrivacySuppressed","PrivacySuppressed","PrivacySuppressed","195","172","PrivacySuppressed","PrivacySuppressed","PrivacySuppressed","PrivacySuppressed","PrivacySuppressed","PrivacySuppressed","PrivacySuppressed","PrivacySuppressed"
"174066","003969","University of Minnesota-Twin Cities","Public","1","1314","Teaching English or French as a Second or Foreign Language.","5","Master's Degree","0","0","PrivacySuppressed","PrivacySuppressed","PrivacySuppressed","PrivacySuppressed","PrivacySuppressed","PrivacySuppressed","PrivacySuppressed","PrivacySuppressed","PrivacySuppressed","PrivacySuppressed","PrivacySuppressed","PrivacySuppressed","PrivacySuppressed","PrivacySuppressed","PrivacySuppressed","PrivacySuppressed","PrivacySuppressed","PrivacySuppressed","PrivacySuppressed","PrivacySuppressed","PrivacySuppressed","PrivacySuppressed","PrivacySuppressed","PrivacySuppressed","PrivacySuppressed","PrivacySuppressed","PrivacySuppressed","PrivacySuppressed","PrivacySuppressed","PrivacySuppressed","PrivacySuppressed","PrivacySuppressed","PrivacySuppressed","PrivacySuppressed","PrivacySuppressed","PrivacySuppressed","PrivacySuppressed","PrivacySuppressed","PrivacySuppressed","PrivacySuppressed","PrivacySuppressed","PrivacySuppressed","PrivacySuppressed","PrivacySuppressed","PrivacySuppressed","PrivacySuppressed","PrivacySuppressed","PrivacySuppressed","PrivacySuppressed","PrivacySuppressed","PrivacySuppressed","PrivacySuppressed","PrivacySuppressed","PrivacySuppressed","PrivacySuppressed","PrivacySuppressed","PrivacySuppressed","PrivacySuppressed","PrivacySuppressed","PrivacySuppressed","PrivacySuppressed","PrivacySuppressed","PrivacySuppressed","PrivacySuppressed","PrivacySuppressed","PrivacySuppressed","PrivacySuppressed","PrivacySuppressed","PrivacySuppressed","PrivacySuppressed","PrivacySuppressed","PrivacySuppressed"
"174066","003969","University of Minnesota-Twin Cities","Public","1","1315","Teaching Assistants/Aides.","1","Undergraduate Certificate or Diploma","0","0","PrivacySuppressed","PrivacySuppressed","PrivacySuppressed","PrivacySuppressed","PrivacySuppressed","PrivacySuppressed","PrivacySuppressed","PrivacySuppressed","PrivacySuppressed","PrivacySuppressed","PrivacySuppressed","PrivacySuppressed","PrivacySuppressed","PrivacySuppressed","PrivacySuppressed","PrivacySuppressed","PrivacySuppressed","PrivacySuppressed","PrivacySuppressed","PrivacySuppressed","PrivacySuppressed","PrivacySuppressed","PrivacySuppressed","PrivacySuppressed","PrivacySuppressed","PrivacySuppressed","PrivacySuppressed","PrivacySuppressed","PrivacySuppressed","PrivacySuppressed","PrivacySuppressed","PrivacySuppressed","PrivacySuppressed","PrivacySuppressed","PrivacySuppressed","PrivacySuppressed","PrivacySuppressed","PrivacySuppressed","PrivacySuppressed","PrivacySuppressed","PrivacySuppressed","PrivacySuppressed","PrivacySuppressed","PrivacySuppressed","PrivacySuppressed","PrivacySuppressed","PrivacySuppressed","PrivacySuppressed","PrivacySuppressed","PrivacySuppressed","PrivacySuppressed","PrivacySuppressed","PrivacySuppressed","PrivacySuppressed","PrivacySuppressed","PrivacySuppressed","PrivacySuppressed","PrivacySuppressed","PrivacySuppressed","PrivacySuppressed","PrivacySuppressed","PrivacySuppressed","PrivacySuppressed","PrivacySuppressed","PrivacySuppressed","PrivacySuppressed","PrivacySuppressed","PrivacySuppressed","PrivacySuppressed","PrivacySuppressed","PrivacySuppressed","PrivacySuppressed"
"174066","003969","University of Minnesota-Twin Cities","Public","1","1315","Teaching Assistants/Aides.","4","Post-baccalaureate Certificate","NULL","NULL","PrivacySuppressed","PrivacySuppressed","PrivacySuppressed","PrivacySuppressed","PrivacySuppressed","PrivacySuppressed","PrivacySuppressed","PrivacySuppressed","PrivacySuppressed","PrivacySuppressed","PrivacySuppressed","PrivacySuppressed","PrivacySuppressed","PrivacySuppressed","PrivacySuppressed","PrivacySuppressed","PrivacySuppressed","PrivacySuppressed","PrivacySuppressed","PrivacySuppressed","PrivacySuppressed","PrivacySuppressed","PrivacySuppressed","PrivacySuppressed","PrivacySuppressed","PrivacySuppressed","PrivacySuppressed","PrivacySuppressed","PrivacySuppressed","PrivacySuppressed","PrivacySuppressed","PrivacySuppressed","PrivacySuppressed","PrivacySuppressed","PrivacySuppressed","PrivacySuppressed","PrivacySuppressed","PrivacySuppressed","PrivacySuppressed","PrivacySuppressed","PrivacySuppressed","PrivacySuppressed","PrivacySuppressed","PrivacySuppressed","PrivacySuppressed","PrivacySuppressed","PrivacySuppressed","PrivacySuppressed","PrivacySuppressed","PrivacySuppressed","PrivacySuppressed","PrivacySuppressed","PrivacySuppressed","PrivacySuppressed","PrivacySuppressed","PrivacySuppressed","PrivacySuppressed","PrivacySuppressed","PrivacySuppressed","PrivacySuppressed","PrivacySuppressed","PrivacySuppressed","PrivacySuppressed","PrivacySuppressed","PrivacySuppressed","PrivacySuppressed","PrivacySuppressed","PrivacySuppressed","PrivacySuppressed","PrivacySuppressed","PrivacySuppressed","PrivacySuppressed"
"174066","003969","University of Minnesota-Twin Cities","Public","1","1315","Teaching Assistants/Aides.","8","Graduate/Professional Certificate","0","1","PrivacySuppressed","PrivacySuppressed","PrivacySuppressed","PrivacySuppressed","PrivacySuppressed","PrivacySuppressed","PrivacySuppressed","PrivacySuppressed","PrivacySuppressed","PrivacySuppressed","PrivacySuppressed","PrivacySuppressed","PrivacySuppressed","PrivacySuppressed","PrivacySuppressed","PrivacySuppressed","PrivacySuppressed","PrivacySuppressed","PrivacySuppressed","PrivacySuppressed","PrivacySuppressed","PrivacySuppressed","PrivacySuppressed","PrivacySuppressed","PrivacySuppressed","PrivacySuppressed","PrivacySuppressed","PrivacySuppressed","PrivacySuppressed","PrivacySuppressed","PrivacySuppressed","PrivacySuppressed","PrivacySuppressed","PrivacySuppressed","PrivacySuppressed","PrivacySuppressed","PrivacySuppressed","PrivacySuppressed","PrivacySuppressed","PrivacySuppressed","PrivacySuppressed","PrivacySuppressed","PrivacySuppressed","PrivacySuppressed","PrivacySuppressed","PrivacySuppressed","PrivacySuppressed","PrivacySuppressed","PrivacySuppressed","PrivacySuppressed","PrivacySuppressed","PrivacySuppressed","PrivacySuppressed","PrivacySuppressed","PrivacySuppressed","PrivacySuppressed","PrivacySuppressed","PrivacySuppressed","PrivacySuppressed","PrivacySuppressed","PrivacySuppressed","PrivacySuppressed","PrivacySuppressed","PrivacySuppressed","PrivacySuppressed","PrivacySuppressed","PrivacySuppressed","PrivacySuppressed","PrivacySuppressed","PrivacySuppressed","PrivacySuppressed","PrivacySuppressed"
"174066","003969","University of Minnesota-Twin Cities","Public","1","1399","Education, Other.","3","Bachelors Degree","210","219","254","19826","20399","245","17846","18496","83","22179","17548","79","21331","17548","125","19720","20250","118","17810","18000","40","24972","19170","38","24845","19048","129","19927","20431","127","17880","19012","43","19581","14709","41","18075","14709","128","19482","19883","123","17297","17800","30","16690","14000","27","14760","13082","126","20174","21500","122","18399","19500","53","25286","19170","52","24743","19170","189","189","195","176","5","238","261","44050","5","201","223","43399"
"174066","003969","University of Minnesota-Twin Cities","Public","1","1399","Education, Other.","4","Post-baccalaureate Certificate","NULL","NULL","PrivacySuppressed","PrivacySuppressed","PrivacySuppressed","PrivacySuppressed","PrivacySuppressed","PrivacySuppressed","PrivacySuppressed","PrivacySuppressed","PrivacySuppressed","PrivacySuppressed","PrivacySuppressed","PrivacySuppressed","PrivacySuppressed","PrivacySuppressed","PrivacySuppressed","PrivacySuppressed","PrivacySuppressed","PrivacySuppressed","PrivacySuppressed","PrivacySuppressed","PrivacySuppressed","PrivacySuppressed","PrivacySuppressed","PrivacySuppressed","PrivacySuppressed","PrivacySuppressed","PrivacySuppressed","PrivacySuppressed","PrivacySuppressed","PrivacySuppressed","PrivacySuppressed","PrivacySuppressed","PrivacySuppressed","PrivacySuppressed","PrivacySuppressed","PrivacySuppressed","PrivacySuppressed","PrivacySuppressed","PrivacySuppressed","PrivacySuppressed","PrivacySuppressed","PrivacySuppressed","PrivacySuppressed","PrivacySuppressed","PrivacySuppressed","PrivacySuppressed","PrivacySuppressed","PrivacySuppressed","PrivacySuppressed","PrivacySuppressed","PrivacySuppressed","PrivacySuppressed","PrivacySuppressed","PrivacySuppressed","PrivacySuppressed","PrivacySuppressed","PrivacySuppressed","PrivacySuppressed","PrivacySuppressed","PrivacySuppressed","PrivacySuppressed","PrivacySuppressed","PrivacySuppressed","PrivacySuppressed","PrivacySuppressed","PrivacySuppressed","PrivacySuppressed","PrivacySuppressed","PrivacySuppressed","PrivacySuppressed","PrivacySuppressed","PrivacySuppressed"
"174066","003969","University of Minnesota-Twin Cities","Public","1","1399","Education, Other.","5","Master's Degree","40","17","PrivacySuppressed","PrivacySuppressed","PrivacySuppressed","15","36691","PrivacySuppressed","PrivacySuppressed","PrivacySuppressed","PrivacySuppressed","PrivacySuppressed","PrivacySuppressed","PrivacySuppressed","PrivacySuppressed","PrivacySuppressed","PrivacySuppressed","PrivacySuppressed","PrivacySuppressed","PrivacySuppressed","PrivacySuppressed","PrivacySuppressed","PrivacySuppressed","PrivacySuppressed","PrivacySuppressed","PrivacySuppressed","PrivacySuppressed","PrivacySuppressed","PrivacySuppressed","PrivacySuppressed","PrivacySuppressed","PrivacySuppressed","PrivacySuppressed","PrivacySuppressed","PrivacySuppressed","PrivacySuppressed","PrivacySuppressed","PrivacySuppressed","PrivacySuppressed","PrivacySuppressed","PrivacySuppressed","PrivacySuppressed","PrivacySuppressed","PrivacySuppressed","PrivacySuppressed","PrivacySuppressed","PrivacySuppressed","PrivacySuppressed","PrivacySuppressed","PrivacySuppressed","PrivacySuppressed","PrivacySuppressed","PrivacySuppressed","PrivacySuppressed","PrivacySuppressed","PrivacySuppressed","PrivacySuppressed","PrivacySuppressed","PrivacySuppressed","PrivacySuppressed","PrivacySuppressed","PrivacySuppressed","PrivacySuppressed","PrivacySuppressed","PrivacySuppressed","PrivacySuppressed","PrivacySuppressed","PrivacySuppressed","PrivacySuppressed","PrivacySuppressed","PrivacySuppressed","PrivacySuppressed","PrivacySuppressed","PrivacySuppressed"
"174066","003969","University of Minnesota-Twin Cities","Public","1","1399","Education, Other.","8","Graduate/Professional Certificate","6","4","PrivacySuppressed","PrivacySuppressed","PrivacySuppressed","PrivacySuppressed","PrivacySuppressed","PrivacySuppressed","PrivacySuppressed","PrivacySuppressed","PrivacySuppressed","PrivacySuppressed","PrivacySuppressed","PrivacySuppressed","PrivacySuppressed","PrivacySuppressed","PrivacySuppressed","PrivacySuppressed","PrivacySuppressed","PrivacySuppressed","PrivacySuppressed","PrivacySuppressed","PrivacySuppressed","PrivacySuppressed","PrivacySuppressed","PrivacySuppressed","PrivacySuppressed","PrivacySuppressed","PrivacySuppressed","PrivacySuppressed","PrivacySuppressed","PrivacySuppressed","PrivacySuppressed","PrivacySuppressed","PrivacySuppressed","PrivacySuppressed","PrivacySuppressed","PrivacySuppressed","PrivacySuppressed","PrivacySuppressed","PrivacySuppressed","PrivacySuppressed","PrivacySuppressed","PrivacySuppressed","PrivacySuppressed","PrivacySuppressed","PrivacySuppressed","PrivacySuppressed","PrivacySuppressed","PrivacySuppressed","PrivacySuppressed","PrivacySuppressed","PrivacySuppressed","PrivacySuppressed","PrivacySuppressed","PrivacySuppressed","PrivacySuppressed","PrivacySuppressed","PrivacySuppressed","PrivacySuppressed","PrivacySuppressed","PrivacySuppressed","PrivacySuppressed","PrivacySuppressed","PrivacySuppressed","PrivacySuppressed","PrivacySuppressed","PrivacySuppressed","PrivacySuppressed","PrivacySuppressed","PrivacySuppressed","PrivacySuppressed","PrivacySuppressed","PrivacySuppressed"
"174066","003969","University of Minnesota-Twin Cities","Public","1","1401","Engineering, General.","1","Undergraduate Certificate or Diploma","NULL","NULL","PrivacySuppressed","PrivacySuppressed","PrivacySuppressed","PrivacySuppressed","PrivacySuppressed","PrivacySuppressed","PrivacySuppressed","PrivacySuppressed","PrivacySuppressed","PrivacySuppressed","PrivacySuppressed","PrivacySuppressed","PrivacySuppressed","PrivacySuppressed","PrivacySuppressed","PrivacySuppressed","PrivacySuppressed","PrivacySuppressed","PrivacySuppressed","PrivacySuppressed","PrivacySuppressed","PrivacySuppressed","PrivacySuppressed","PrivacySuppressed","PrivacySuppressed","PrivacySuppressed","PrivacySuppressed","PrivacySuppressed","PrivacySuppressed","PrivacySuppressed","PrivacySuppressed","PrivacySuppressed","PrivacySuppressed","PrivacySuppressed","PrivacySuppressed","PrivacySuppressed","PrivacySuppressed","PrivacySuppressed","PrivacySuppressed","PrivacySuppressed","PrivacySuppressed","PrivacySuppressed","PrivacySuppressed","PrivacySuppressed","PrivacySuppressed","PrivacySuppressed","PrivacySuppressed","PrivacySuppressed","PrivacySuppressed","PrivacySuppressed","PrivacySuppressed","PrivacySuppressed","PrivacySuppressed","PrivacySuppressed","PrivacySuppressed","PrivacySuppressed","PrivacySuppressed","PrivacySuppressed","PrivacySuppressed","PrivacySuppressed","PrivacySuppressed","PrivacySuppressed","PrivacySuppressed","PrivacySuppressed","PrivacySuppressed","PrivacySuppressed","PrivacySuppressed","PrivacySuppressed","PrivacySuppressed","PrivacySuppressed","PrivacySuppressed","PrivacySuppressed"
"174066","003969","University of Minnesota-Twin Cities","Public","1","1401","Engineering, General.","3","Bachelors Degree","NULL","NULL","PrivacySuppressed","20692","21000","PrivacySuppressed","20113","21000","PrivacySuppressed","28715","PrivacySuppressed","PrivacySuppressed","29766","PrivacySuppressed","PrivacySuppressed","PrivacySuppressed","20500","PrivacySuppressed","PrivacySuppressed","20500","PrivacySuppressed","PrivacySuppressed","PrivacySuppressed","PrivacySuppressed","PrivacySuppressed","PrivacySuppressed","PrivacySuppressed","19090","21787","PrivacySuppressed","19514","22043","PrivacySuppressed","PrivacySuppressed","PrivacySuppressed","PrivacySuppressed","PrivacySuppressed","PrivacySuppressed","PrivacySuppressed","22249","20500","PrivacySuppressed","20501","20500","PrivacySuppressed","PrivacySuppressed","PrivacySuppressed","PrivacySuppressed","PrivacySuppressed","PrivacySuppressed","PrivacySuppressed","19743","21500","PrivacySuppressed","19881","21787","PrivacySuppressed","PrivacySuppressed","PrivacySuppressed","PrivacySuppressed","PrivacySuppressed","PrivacySuppressed","PrivacySuppressed","PrivacySuppressed","200","200","PrivacySuppressed","PrivacySuppressed","PrivacySuppressed","PrivacySuppressed","PrivacySuppressed","PrivacySuppressed","PrivacySuppressed","PrivacySuppressed"
"174066","003969","University of Minnesota-Twin Cities","Public","1","1402","Aerospace, Aeronautical and Astronautical Engineering.","3","Bachelors Degree","72","86","76","PrivacySuppressed","27000","76","PrivacySuppressed","23000","18","35874","PrivacySuppressed","17","33785","PrivacySuppressed","66","PrivacySuppressed","PrivacySuppressed","66","PrivacySuppressed","PrivacySuppressed","PrivacySuppressed","PrivacySuppressed","PrivacySuppressed","PrivacySuppressed","PrivacySuppressed","PrivacySuppressed","10","PrivacySuppressed","PrivacySuppressed","10","PrivacySuppressed","PrivacySuppressed","PrivacySuppressed","PrivacySuppressed","PrivacySuppressed","PrivacySuppressed","PrivacySuppressed","PrivacySuppressed","30","PrivacySuppressed","29123","30","PrivacySuppressed","21000","PrivacySuppressed","PrivacySuppressed","PrivacySuppressed","PrivacySuppressed","PrivacySuppressed","PrivacySuppressed","46","PrivacySuppressed","27000","46","PrivacySuppressed","25250","PrivacySuppressed","PrivacySuppressed","PrivacySuppressed","PrivacySuppressed","PrivacySuppressed","PrivacySuppressed","PrivacySuppressed","PrivacySuppressed","258","219","4","60","63","63898","3","52","55","64328"
"174066","003969","University of Minnesota-Twin Cities","Public","1","1402","Aerospace, Aeronautical and Astronautical Engineering.","5","Master's Degree","13","14","PrivacySuppressed","PrivacySuppressed","PrivacySuppressed","PrivacySuppressed","PrivacySuppressed","PrivacySuppressed","PrivacySuppressed","PrivacySuppressed","PrivacySuppressed","PrivacySuppressed","PrivacySuppressed","PrivacySuppressed","PrivacySuppressed","PrivacySuppressed","PrivacySuppressed","PrivacySuppressed","PrivacySuppressed","PrivacySuppressed","PrivacySuppressed","PrivacySuppressed","PrivacySuppressed","PrivacySuppressed","PrivacySuppressed","PrivacySuppressed","PrivacySuppressed","PrivacySuppressed","PrivacySuppressed","PrivacySuppressed","PrivacySuppressed","PrivacySuppressed","PrivacySuppressed","PrivacySuppressed","PrivacySuppressed","PrivacySuppressed","PrivacySuppressed","PrivacySuppressed","PrivacySuppressed","PrivacySuppressed","PrivacySuppressed","PrivacySuppressed","PrivacySuppressed","PrivacySuppressed","PrivacySuppressed","PrivacySuppressed","PrivacySuppressed","PrivacySuppressed","PrivacySuppressed","PrivacySuppressed","PrivacySuppressed","PrivacySuppressed","PrivacySuppressed","PrivacySuppressed","PrivacySuppressed","PrivacySuppressed","PrivacySuppressed","PrivacySuppressed","PrivacySuppressed","PrivacySuppressed","PrivacySuppressed","PrivacySuppressed","PrivacySuppressed","PrivacySuppressed","PrivacySuppressed","PrivacySuppressed","PrivacySuppressed","PrivacySuppressed","PrivacySuppressed","PrivacySuppressed","PrivacySuppressed","PrivacySuppressed","PrivacySuppressed","PrivacySuppressed"
"174066","003969","University of Minnesota-Twin Cities","Public","1","1402","Aerospace, Aeronautical and Astronautical Engineering.","6","Doctoral Degree","11","10","PrivacySuppressed","PrivacySuppressed","PrivacySuppressed","PrivacySuppressed","PrivacySuppressed","PrivacySuppressed","PrivacySuppressed","PrivacySuppressed","PrivacySuppressed","PrivacySuppressed","PrivacySuppressed","PrivacySuppressed","PrivacySuppressed","PrivacySuppressed","PrivacySuppressed","PrivacySuppressed","PrivacySuppressed","PrivacySuppressed","PrivacySuppressed","PrivacySuppressed","PrivacySuppressed","PrivacySuppressed","PrivacySuppressed","PrivacySuppressed","PrivacySuppressed","PrivacySuppressed","PrivacySuppressed","PrivacySuppressed","PrivacySuppressed","PrivacySuppressed","PrivacySuppressed","PrivacySuppressed","PrivacySuppressed","PrivacySuppressed","PrivacySuppressed","PrivacySuppressed","PrivacySuppressed","PrivacySuppressed","PrivacySuppressed","PrivacySuppressed","PrivacySuppressed","PrivacySuppressed","PrivacySuppressed","PrivacySuppressed","PrivacySuppressed","PrivacySuppressed","PrivacySuppressed","PrivacySuppressed","PrivacySuppressed","PrivacySuppressed","PrivacySuppressed","PrivacySuppressed","PrivacySuppressed","PrivacySuppressed","PrivacySuppressed","PrivacySuppressed","PrivacySuppressed","PrivacySuppressed","PrivacySuppressed","PrivacySuppressed","PrivacySuppressed","PrivacySuppressed","PrivacySuppressed","PrivacySuppressed","PrivacySuppressed","PrivacySuppressed","PrivacySuppressed","PrivacySuppressed","PrivacySuppressed","PrivacySuppressed","PrivacySuppressed","PrivacySuppressed"
"174066","003969","University of Minnesota-Twin Cities","Public","1","1403","Agricultural Engineering.","3","Bachelors Degree","42","38","39","PrivacySuppressed","24974","39","PrivacySuppressed","22525","11","33640","PrivacySuppressed","10","31305","PrivacySuppressed","21","PrivacySuppressed","PrivacySuppressed","21","PrivacySuppressed","PrivacySuppressed","PrivacySuppressed","PrivacySuppressed","PrivacySuppressed","PrivacySuppressed","PrivacySuppressed","PrivacySuppressed","18","PrivacySuppressed","PrivacySuppressed","18","PrivacySuppressed","PrivacySuppressed","PrivacySuppressed","PrivacySuppressed","PrivacySuppressed","PrivacySuppressed","PrivacySuppressed","PrivacySuppressed","11","PrivacySuppressed","PrivacySuppressed","11","PrivacySuppressed","PrivacySuppressed","PrivacySuppressed","PrivacySuppressed","PrivacySuppressed","PrivacySuppressed","PrivacySuppressed","PrivacySuppressed","28","PrivacySuppressed","PrivacySuppressed","28","PrivacySuppressed","PrivacySuppressed","PrivacySuppressed","PrivacySuppressed","PrivacySuppressed","PrivacySuppressed","PrivacySuppressed","PrivacySuppressed","PrivacySuppressed","PrivacySuppressed","238","215","0","43","45","57770","1","36","38","65238"
"174066","003969","University of Minnesota-Twin Cities","Public","1","1403","Agricultural Engineering.","5","Master's Degree","3","8","PrivacySuppressed","PrivacySuppressed","PrivacySuppressed","PrivacySuppressed","PrivacySuppressed","PrivacySuppressed","PrivacySuppressed","PrivacySuppressed","PrivacySuppressed","PrivacySuppressed","PrivacySuppressed","PrivacySuppressed","PrivacySuppressed","PrivacySuppressed","PrivacySuppressed","PrivacySuppressed","PrivacySuppressed","PrivacySuppressed","PrivacySuppressed","PrivacySuppressed","PrivacySuppressed","PrivacySuppressed","PrivacySuppressed","PrivacySuppressed","PrivacySuppressed","PrivacySuppressed","PrivacySuppressed","PrivacySuppressed","PrivacySuppressed","PrivacySuppressed","PrivacySuppressed","PrivacySuppressed","PrivacySuppressed","PrivacySuppressed","PrivacySuppressed","PrivacySuppressed","PrivacySuppressed","PrivacySuppressed","PrivacySuppressed","PrivacySuppressed","PrivacySuppressed","PrivacySuppressed","PrivacySuppressed","PrivacySuppressed","PrivacySuppressed","PrivacySuppressed","PrivacySuppressed","PrivacySuppressed","PrivacySuppressed","PrivacySuppressed","PrivacySuppressed","PrivacySuppressed","PrivacySuppressed","PrivacySuppressed","PrivacySuppressed","PrivacySuppressed","PrivacySuppressed","PrivacySuppressed","PrivacySuppressed","PrivacySuppressed","PrivacySuppressed","PrivacySuppressed","PrivacySuppressed","PrivacySuppressed","PrivacySuppressed","PrivacySuppressed","PrivacySuppressed","PrivacySuppressed","PrivacySuppressed","PrivacySuppressed","PrivacySuppressed","PrivacySuppressed"
"174066","003969","University of Minnesota-Twin Cities","Public","1","1403","Agricultural Engineering.","6","Doctoral Degree","2","8","PrivacySuppressed","PrivacySuppressed","PrivacySuppressed","PrivacySuppressed","PrivacySuppressed","PrivacySuppressed","PrivacySuppressed","PrivacySuppressed","PrivacySuppressed","PrivacySuppressed","PrivacySuppressed","PrivacySuppressed","PrivacySuppressed","PrivacySuppressed","PrivacySuppressed","PrivacySuppressed","PrivacySuppressed","PrivacySuppressed","PrivacySuppressed","PrivacySuppressed","PrivacySuppressed","PrivacySuppressed","PrivacySuppressed","PrivacySuppressed","PrivacySuppressed","PrivacySuppressed","PrivacySuppressed","PrivacySuppressed","PrivacySuppressed","PrivacySuppressed","PrivacySuppressed","PrivacySuppressed","PrivacySuppressed","PrivacySuppressed","PrivacySuppressed","PrivacySuppressed","PrivacySuppressed","PrivacySuppressed","PrivacySuppressed","PrivacySuppressed","PrivacySuppressed","PrivacySuppressed","PrivacySuppressed","PrivacySuppressed","PrivacySuppressed","PrivacySuppressed","PrivacySuppressed","PrivacySuppressed","PrivacySuppressed","PrivacySuppressed","PrivacySuppressed","PrivacySuppressed","PrivacySuppressed","PrivacySuppressed","PrivacySuppressed","PrivacySuppressed","PrivacySuppressed","PrivacySuppressed","PrivacySuppressed","PrivacySuppressed","PrivacySuppressed","PrivacySuppressed","PrivacySuppressed","PrivacySuppressed","PrivacySuppressed","PrivacySuppressed","PrivacySuppressed","PrivacySuppressed","PrivacySuppressed","PrivacySuppressed","PrivacySuppressed","PrivacySuppressed"
